3.6937994785431, 11.081398435629, 7.3875989570861, 6.397848369808, 89.876159667969
11.081398435629, 18.468997392715, 14.775197914172, 14.306023864627, 90.237030029297
18.468997392715, 25.856596349801, 22.162796871258, 21.852812417833, 86.527183532715
25.856596349801, 33.244195306888, 29.550395828345, 29.318624439495, 97.027931213379
33.244195306888, 40.631794263974, 36.937994785431, 36.752840763413, 100.70673370361
40.631794263974, 48.01939322106, 44.325593742517, 44.17141729715, 96.947769165039
48.01939322106, 55.406992178146, 51.713192699603, 51.581102591924, 94.682304382324
55.406992178146, 62.794591135232, 59.100791656689, 58.985247476464, 101.16320800781
62.794591135232, 70.182190092318, 66.488390613775, 66.385705779349, 96.26188659668
70.182190092318, 77.569789049404, 73.875989570861, 73.783586796023, 106.83814239502
77.569789049404, 84.957388006491, 81.263588527947, 81.179595132348, 104.80877685547
84.957388006491, 92.344986963577, 88.651187485034, 88.574199899965, 104.70830535889
92.344986963577, 99.732585920663, 96.03878644212, 95.96772554712, 105.01533508301
99.732585920663, 107.12018487775, 103.42638539921, 103.36040364742, 98.559783935547
107.12018487775, 114.50778383484, 110.81398435629, 110.75240392122, 100.15073394775
114.50778383484, 121.89538279192, 118.20158331338, 118.14385359891, 99.434844970703
121.89538279192, 129.28298174901, 125.58918227046, 125.53484993728, 99.747840881348
129.28298174901, 136.67058070609, 132.97678122755, 132.92546855683, 96.053901672363
136.67058070609, 144.05817966318, 140.36438018464, 140.31576914242, 98.987518310547
144.05817966318, 151.44577862027, 147.75197914172, 147.70579943153, 95.80354309082
151.44577862027, 158.83337757735, 155.13957809881, 155.09559806161, 94.488792419434
158.83337757735, 166.22097653444, 162.52717705589, 162.4851966401, 98.115226745605
166.22097653444, 173.60857549152, 169.91477601298, 169.87462127391, 96.792900085449
173.60857549152, 180.99617444861, 177.30237497007, 177.26389371623, 91.89192199707
180.99617444861, 188.3837734057, 184.68997392715, 184.65303223783, 92.68049621582
188.3837734057, 195.77137236278, 192.07757288424, 192.04205229718, 95.217063903809
195.77137236278, 203.15897131987, 199.46517184133, 199.43096706154, 97.193412780762
203.15897131987, 210.54657027695, 206.85277079841, 206.81978781633, 96.284843444824
210.54657027695, 217.93416923404, 214.2403697555, 214.20852428973, 95.813461303711
217.93416923404, 225.32176819113, 221.62796871258, 221.59718491235, 105.62969970703
225.32176819113, 232.70936714821, 229.01556766967, 228.9857770266, 120.39063262939
232.70936714821, 240.0969661053, 236.40316662676, 236.37430705677, 121.3591003418
240.0969661053, 247.48456506239, 243.79076558384, 243.76278064825, 109.74516296387
247.48456506239, 254.87216401947, 251.17836454093, 251.15120278205, 94.069793701172
254.87216401947, 262.25976297656, 258.56596349801, 258.53957786975, 94.740547180176
262.25976297656, 269.64736193364, 265.9535624551, 265.92790983267, 90.749320983887
269.64736193364, 277.03496089073, 273.34116141219, 273.31620216807, 92.457588195801
277.03496089073, 284.42255984782, 280.72876036927, 280.704458005, 88.829551696777
284.42255984782, 291.8101588049, 288.11635932636, 288.09268015152, 96.526641845703
291.8101588049, 299.19775776199, 295.50395828345, 295.48087113483, 101.36957550049
299.19775776199, 306.58535671907, 302.89155724053, 302.8690332355, 98.062782287598
306.58535671907, 313.97295567616, 310.27915619762, 310.25716851689, 85.140068054199
313.97295567616, 321.36055463325, 317.6667551547, 317.64527885037, 86.484336853027
321.36055463325, 328.74815359033, 325.05435411179, 325.03336593717, 91.92529296875
328.74815359033, 336.13575254742, 332.44195306888, 332.42143132726, 93.402481079102
336.13575254742, 343.52335150451, 339.82955202596, 339.80947643581, 88.920616149902
343.52335150451, 350.91095046159, 347.21715098305, 347.19750255755, 90.369499206543
350.91095046159, 358.29854941868, 354.60474994013, 354.58551087928, 88.683380126953
358.29854941868, 365.68614837576, 361.99234889722, 361.97350249091, 85.300910949707
365.68614837576, 373.07374733285, 369.37994785431, 369.36147839517, 94.465461730957
373.07374733285, 380.46134628994, 376.76754681139, 376.74943951609, 93.33992767334
380.46134628994, 387.84894524702, 384.15514576848, 384.13738670665, 92.054000854492
387.84894524702, 395.23654420411, 391.54274472557, 391.52532075543, 99.672828674316
395.23654420411, 402.62414316119, 398.93034368265, 398.91324239259, 99.567512512207
402.62414316119, 410.01174211828, 406.31794263974, 406.30115229519, 97.73860168457
410.01174211828, 417.39934107537, 413.70554159682, 413.68905109192, 97.312431335449
417.39934107537, 424.78694003245, 421.09314055391, 421.07693936734, 76.181022644043
424.78694003245, 432.17453898954, 428.480739511, 428.4648176657, 97.891860961914
432.17453898954, 439.56213794663, 435.86833846808, 435.85268649435, 98.746078491211
439.56213794663, 446.94973690371, 443.25593742517, 443.2405463268, 92.096649169922
446.94973690371, 454.3373358608, 450.64353638225, 450.62839760552, 90.174995422363
454.3373358608, 461.72493481788, 458.03113533934, 458.01624074443, 101.08829498291
461.72493481788, 469.11253377497, 465.41873429643, 465.40407613116, 110.68391418457
469.11253377497, 476.50013273206, 472.80633325351, 472.79190412913, 107.2223739624
476.50013273206, 483.88773168914, 480.1939322106, 480.17972507936, 88.25074005127
483.88773168914, 491.27533064623, 487.58153116768, 487.56753930223, 83.066841125488
491.27533064623, 498.66292960331, 494.96913012477, 494.95534709899, 79.098091125488
498.66292960331, 506.0505285604, 502.35672908186, 502.34314875316, 89.357810974121
506.0505285604, 513.43812751749, 509.74432803894, 509.73094453181, 85.913314819336
513.43812751749, 520.82572647457, 517.13192699603, 517.11873468676, 53.816436767578
520.82572647457, 528.21332543166, 524.51952595312, 524.50651945566, 75.115898132324
528.21332543166, 535.60092438874, 531.9071249102, 531.89429906293, 81.495979309082
535.60092438874, 542.98852334583, 539.29472386729, 539.28207372071, 90.823188781738
542.98852334583, 550.37612230292, 546.68232282437, 546.66984362965, 89.157493591309
550.37612230292, 557.76372126, 554.06992178146, 554.05760897972, 84.60221862793
557.76372126, 565.15132021709, 561.45752073855, 561.44536995089, 84.425354003906
565.15132021709, 572.53891917418, 568.84511969563, 568.83312671376, 73.774475097656
572.53891917418, 579.92651813126, 576.23271865272, 576.2208794302, 82.632377624512
579.92651813126, 587.31411708835, 583.6203176098, 583.60862825389, 80.009788513184
587.31411708835, 594.70171604543, 591.00791656689, 590.99637333079, 85.004203796387
594.70171604543, 602.08931500252, 598.39551552398, 598.3841147997, 89.211944580078
602.08931500252, 609.47691395961, 605.78311448106, 605.77185279261, 91.804763793945
609.47691395961, 616.86451291669, 613.17071343815, 613.15958743516, 93.399238586426
616.86451291669, 624.25211187378, 620.55831239524, 620.54731884703, 94.405708312988
624.25211187378, 631.63971083086, 627.94591135232, 627.93504714223, 100.7029800415
631.63971083086, 639.02730978795, 635.33351030941, 635.32277242948, 98.133964538574
639.02730978795, 646.41490874504, 642.72110926649, 642.71049481253, 87.861770629883
646.41490874504, 653.80250770212, 650.10870822358, 650.09821439037, 72.164825439453
653.80250770212, 661.19010665921, 657.49630718067, 657.48593125756, 78.049201965332
661.19010665921, 668.5777056163, 664.88390613775, 664.87364550447, 84.510383605957
668.5777056163, 675.96530457338, 672.27150509484, 672.26135721748, 75.372703552246
675.96530457338, 683.35290353047, 679.65910405192, 679.64906647922, 77.40892791748
683.35290353047, 690.74050248755, 687.04670300901, 687.03677336877, 77.808563232422
690.74050248755, 698.12810144464, 694.4343019661, 694.42447796182, 98.322715759277
698.12810144464, 705.51570040173, 701.82190092318, 701.81218033092, 101.34043884277
705.51570040173, 712.90329935881, 709.20949988027, 709.19988054556, 92.427947998047
712.90329935881, 720.2908983159, 716.59709883736, 716.58757867237, 70.632713317871
720.2908983159, 727.67849727298, 723.98469779444, 723.97527477527, 73.259208679199
727.67849727298, 735.06609623007, 731.37229675153, 731.36296891558, 72.065910339355
735.06609623007, 742.45369518716, 738.75989570861, 738.7506611522, 74.212661743164
742.45369518716, 749.84129414424, 746.1474946657, 746.13835154166, 69.47452545166
749.84129414424, 757.22889310133, 753.53509362279, 753.5260401383, 68.218055725098
757.22889310133, 764.61649205842, 760.92269257987, 760.91372699434, 77.721832275391
764.61649205842, 772.0040910155, 768.31029153696, 768.30141215998, 82.164863586426
772.0040910155, 779.39168997259, 775.69789049404, 775.68909568352, 81.256591796875
779.39168997259, 786.77928892967, 783.08548945113, 783.07677761145, 82.48380279541
786.77928892967, 794.16688788676, 790.47308840822, 790.46445798849, 90.52774810791
794.16688788676, 801.55448684385, 797.8606873653, 797.85213685773, 87.151390075684
801.55448684385, 808.94208580093, 805.24828632239, 805.23981426067, 84.725021362305
808.94208580093, 816.32968475802, 812.63588527947, 812.6274902373, 88.614158630371
816.32968475802, 823.7172837151, 820.02348423656, 820.01516482616, 85.897079467773
823.7172837151, 831.10488267219, 827.41108319365, 827.40283806444, 95.882759094238
831.10488267219, 838.49248162928, 834.79868215073, 834.79050998799, 95.886619567871
838.49248162928, 845.88008058636, 842.18628110782, 842.17818063141, 94.823219299316
845.88008058636, 853.26767954345, 849.57388006491, 849.56585002809, 93.427688598633
853.26767954345, 860.65527850053, 856.96147902199, 856.95351821028, 96.674774169922
860.65527850053, 868.04287745762, 864.34907797908, 864.34118520911, 94.596672058105
868.04287745762, 875.43047641471, 871.73667693616, 871.72885105468, 90.580284118652
875.43047641471, 882.81807537179, 879.12427589325, 879.11651577606, 68.463569641113
882.81807537179, 890.20567432888, 886.51187485034, 886.50417940136, 77.345893859863
890.20567432888, 897.59327328597, 893.89947380742, 893.89184195774, 76.319610595703
897.59327328597, 904.98087224305, 901.28707276451, 901.2795034715, 75.094367980957
904.98087224305, 912.36847120014, 908.67467172159, 908.66716396806, 72.473602294922
912.36847120014, 919.75607015722, 916.06227067868, 916.05482347204, 60.122573852539
919.75607015722, 927.14366911431, 923.44986963577, 923.44248200726, 82.47550201416
927.14366911431, 934.5312680714, 930.83746859285, 930.83013959678, 91.424980163574
934.5312680714, 941.91886702848, 938.22506754994, 938.21779626295, 88.516983032227
941.91886702848, 949.30646598557, 945.61266650703, 945.6054520274, 63.267757415771
949.30646598557, 956.69406494265, 953.00026546411, 952.9931069111, 60.913188934326
956.69406494265, 964.08166389974, 960.3878644212, 960.38076093439, 71.55672454834
964.08166389974, 971.46926285683, 967.77546337828, 967.76841411696, 73.167617797852
971.46926285683, 978.85686181391, 975.16306233537, 975.15606647793, 71.899543762207
978.85686181391, 986.244460771, 982.55066129246, 982.54371803582, 60.844409942627
986.244460771, 993.63205972809, 989.93826024954, 989.93136880862, 75.112319946289
993.63205972809, 1001.0196586852, 997.32585920663, 997.31901881377, 80.931900024414
1001.0196586852, 1008.4072576423, 1004.7134581637, 1004.7066680682, 93.954391479492
1008.4072576423, 1015.7948565993, 1012.1010571208, 1012.0943165884, 93.575050354004
1015.7948565993, 1023.1824555564, 1019.4886560779, 1019.4819643902, 87.630500793457
1023.1824555564, 1030.5700545135, 1026.876255035, 1026.8696114892, 91.076782226562
1030.5700545135, 1037.9576534706, 1034.2638539921, 1034.2572579005, 84.999641418457
1037.9576534706, 1045.3452524277, 1041.6514529491, 1041.6449036387, 95.771369934082
1045.3452524277, 1052.7328513848, 1049.0390519062, 1049.032548718, 95.480560302734
1052.7328513848, 1060.1204503419, 1056.4266508633, 1056.4201931522, 90.039108276367
1060.1204503419, 1067.5080492989, 1063.8142498204, 1063.8078369548, 96.264762878418
1067.5080492989, 1074.895648256, 1071.2018487775, 1071.1954801388, 96.393600463867
1074.895648256, 1082.2832472131, 1078.5894477346, 1078.5831227169, 96.471839904785
1082.2832472131, 1089.6708461702, 1085.9770466917, 1085.9707647016, 82.434562683105
1089.6708461702, 1097.0584451273, 1093.3646456487, 1093.3584061048, 86.339805603027
1097.0584451273, 1104.4460440844, 1100.7522446058, 1100.7460469383, 80.330757141113
1104.4460440844, 1111.8336430415, 1108.1398435629, 1108.1336872134, 72.217849731445
1111.8336430415, 1119.2212419985, 1115.52744252, 1115.5213269412, 81.204124450684
1119.2212419985, 1126.6088409556, 1122.9150414771, 1122.9089661326, 71.820098876953
1126.6088409556, 1133.9964399127, 1130.3026404342, 1130.296604798, 80.492958068848
1133.9964399127, 1141.3840388698, 1137.6902393913, 1137.6842429477, 78.984512329102
1141.3840388698, 1148.7716378269, 1145.0778383484, 1145.0718805918, 68.286308288574
1148.7716378269, 1156.159236784, 1152.4654373054, 1152.4595177398, 75.428108215332
1156.159236784, 1163.5468357411, 1159.8530362625, 1159.8471544013, 78.10196685791
1163.5468357411, 1170.9344346982, 1167.2406352196, 1167.2347905855, 83.268508911133
1170.9344346982, 1178.3220336552, 1174.6282341767, 1174.6224263015, 76.787864685059
1178.3220336552, 1185.7096326123, 1182.0158331338, 1182.010061558, 63.957916259766
1185.7096326123, 1193.0972315694, 1189.4034320909, 1189.3976963636, 69.686264038086
1193.0972315694, 1200.4848305265, 1196.791031048, 1196.7853307265, 80.238082885742
1200.4848305265, 1207.8724294836, 1204.178630005, 1204.1729646551, 84.393157958984
1207.8724294836, 1215.2600284407, 1211.5662289621, 1211.5605981572, 81.126892089844
1215.2600284407, 1222.6476273978, 1218.9538279192, 1218.9482312405, 68.18896484375
1222.6476273978, 1230.0352263548, 1226.3414268763, 1226.3358639127, 78.855033874512
1230.0352263548, 1237.4228253119, 1233.7290258334, 1233.7234961811, 87.787223815918
1237.4228253119, 1244.810424269, 1241.1166247905, 1241.1111280529, 96.37003326416
1244.810424269, 1252.1980232261, 1248.5042237476, 1248.4987595352, 95.632400512695
1252.1980232261, 1259.5856221832, 1255.8918227046, 1255.8863906348, 98.783744812012
1259.5856221832, 1266.9732211403, 1263.2794216617, 1263.2740213586, 99.166999816895
1266.9732211403, 1274.3608200974, 1270.6670206188, 1270.6616517129, 98.38249206543
1274.3608200974, 1281.7484190544, 1278.0546195759, 1278.0492817042, 97.861686706543
1281.7484190544, 1289.1360180115, 1285.442218533, 1285.4369113389, 83.627563476562
1289.1360180115, 1296.5236169686, 1292.8298174901, 1292.8245406229, 101.04203796387
1296.5236169686, 1303.9112159257, 1300.2174164472, 1300.2121695623, 99.099906921387
1303.9112159257, 1311.2988148828, 1307.6050154042, 1307.5997981629, 88.700317382812
1311.2988148828, 1318.6864138399, 1314.9926143613, 1314.9874264305, 83.232948303223
1318.6864138399, 1326.074012797, 1322.3802133184, 1322.3750543705, 62.149681091309
1326.074012797, 1333.461611754, 1329.7678122755, 1329.7626819886, 71.486068725586
1333.461611754, 1340.8492107111, 1337.1554112326, 1337.1503092899, 73.385055541992
1340.8492107111, 1348.2368096682, 1344.5430101897, 1344.5379362797, 74.242630004883
1348.2368096682, 1355.6244086253, 1351.9306091468, 1351.9255629632, 72.644416809082
1355.6244086253, 1363.0120075824, 1359.3182081038, 1359.3131893453, 74.761100769043
1363.0120075824, 1370.3996065395, 1366.7058070609, 1366.7008154309, 77.02806854248
1370.3996065395, 1377.7872054966, 1374.093406018, 1374.0884412248, 66.450500488281
1377.7872054966, 1385.1748044537, 1381.4810049751, 1381.4760667317, 57.309509277344
1385.1748044537, 1392.5624034107, 1388.8686039322, 1388.8636919561, 71.152984619141
1392.5624034107, 1399.9500023678, 1396.2562028893, 1396.2513169026, 73.456314086914
1399.9500023678, 1407.3376013249, 1403.6438018464, 1403.6389415755, 77.054229736328
1407.3376013249, 1414.725200282, 1411.0314008035, 1411.0265659791, 80.217018127441
1414.725200282, 1422.1127992391, 1418.4189997605, 1418.4141901176, 72.631858825684
1422.1127992391, 1429.5003981962, 1425.8065987176, 1425.8018139952, 74.065483093262
1429.5003981962, 1436.8879971533, 1433.1941976747, 1433.1894376159, 81.844841003418
1436.8879971533, 1444.2755961103, 1440.5817966318, 1440.5770609837, 80.982727050781
1444.2755961103, 1451.6631950674, 1447.9693955889, 1447.9646841023, 75.081253051758
1451.6631950674, 1459.0507940245, 1455.356994546, 1455.3523069756, 72.185577392578
1459.0507940245, 1466.4383929816, 1462.7445935031, 1462.7399296074, 82.46501159668
1466.4383929816, 1473.8259919387, 1470.1321924601, 1470.1275520012, 94.858169555664
1473.8259919387, 1481.2135908958, 1477.5197914172, 1477.5151741607, 96.714767456055
1481.2135908958, 1488.6011898529, 1484.9073903743, 1484.9027960892, 94.271675109863
1488.6011898529, 1495.9887888099, 1492.2949893314, 1492.2904177904, 99.427299499512
1495.9887888099, 1503.376387767, 1499.6825882885, 1499.6780392675, 97.841377258301
1503.376387767, 1510.7639867241, 1507.0701872456, 1507.0656605237, 100.65892791748
1510.7639867241, 1518.1515856812, 1514.4577862027, 1514.4532815624, 99.19172668457
1518.1515856812, 1525.5391846383, 1521.8453851597, 1521.8409023868, 85.220893859863
1525.5391846383, 1532.9267835954, 1529.2329841168, 1529.2285229998, 81.717742919922
1532.9267835954, 1540.3143825525, 1536.6205830739, 1536.6161434047, 74.405937194824
1540.3143825525, 1547.7019815095, 1544.008182031, 1544.0037636043, 79.911460876465
1547.7019815095, 1555.0895804666, 1551.3957809881, 1551.3913836015, 76.812408447266
1555.0895804666, 1562.4771794237, 1558.7833799452, 1558.7790033994, 71.065727233887
1562.4771794237, 1569.8647783808, 1566.1709789023, 1566.1666230006, 79.730903625488
1569.8647783808, 1577.2523773379, 1573.5585778593, 1573.554242408, 80.755760192871
1577.2523773379, 1584.639976295, 1580.9461768164, 1580.9418616242, 73.140243530273
1584.639976295, 1592.0275752521, 1588.3337757735, 1588.329480652, 69.114486694336
1592.0275752521, 1599.4151742091, 1595.7213747306, 1595.717099494, 76.088066101074
1599.4151742091, 1606.8027731662, 1603.1089736877, 1603.1047181527, 71.608627319336
1606.8027731662, 1614.1903721233, 1610.4965726448, 1610.4923366306, 61.998382568359
1614.1903721233, 1621.5779710804, 1617.8841716019, 1617.8799549303, 71.698135375977
1621.5779710804, 1628.9655700375, 1625.2717705589, 1625.2675730541, 67.12321472168
1628.9655700375, 1636.3531689946, 1632.659369516, 1632.6551910045, 68.50439453125
1636.3531689946, 1643.7407679517, 1640.0469684731, 1640.0428087837, 79.675453186035
1643.7407679517, 1651.1283669088, 1647.4345674302, 1647.4304263942, 81.966049194336
1651.1283669088, 1658.5159658658, 1654.8221663873, 1654.8180438381, 73.642463684082
1658.5159658658, 1665.9035648229, 1662.2097653444, 1662.2056611177, 58.61510848999
1665.9035648229, 1673.29116378, 1669.5973643015, 1669.5932782351, 59.974716186523
1673.29116378, 1680.6787627371, 1676.9849632586, 1676.9808951925, 75.280586242676
1680.6787627371, 1688.0663616942, 1684.3725622156, 1684.368511992, 77.620460510254
1688.0663616942, 1695.4539606513, 1691.7601611727, 1691.7561286357, 78.591484069824
1695.4539606513, 1702.8415596084, 1699.1477601298, 1699.1437451256, 91.369575500488
1702.8415596084, 1710.2291585654, 1706.5353590869, 1706.5313614637, 98.707420349121
1710.2291585654, 1717.6167575225, 1713.922958044, 1713.918977652, 92.039710998535
1717.6167575225, 1725.0043564796, 1721.3105570011, 1721.3065936923, 101.24881744385
1725.0043564796, 1732.3919554367, 1728.6981559582, 1728.6942095867, 101.79779815674
1732.3919554367, 1739.7795543938, 1736.0857549152, 1736.0818253369, 91.611442565918
1739.7795543938, 1747.1671533509, 1743.4733538723, 1743.4694409448, 81.067047119141
1747.1671533509, 1754.554752308, 1750.8609528294, 1750.8570564121, 79.457664489746
1754.554752308, 1761.942351265, 1758.2485517865, 1758.2446717407, 76.961669921875
1761.942351265, 1769.3299502221, 1765.6361507436, 1765.6322869324, 79.93888092041
1769.3299502221, 1776.7175491792, 1773.0237497007, 1773.0199019887, 67.319847106934
1776.7175491792, 1784.1051481363, 1780.4113486578, 1780.4075169114, 72.949935913086
1784.1051481363, 1791.4927470934, 1787.7989476148, 1787.7951317022, 73.7109375
1791.4927470934, 1798.8803460505, 1795.1865465719, 1795.1827463627, 64.899421691895
1798.8803460505, 1806.2679450076, 1802.574145529, 1802.5703608944, 74.354347229004
1806.2679450076, 1813.6555439646, 1809.9617444861, 1809.957975299, 70.072265625
1813.6555439646, 1821.0431429217, 1817.3493434432, 1817.3455895781, 63.91975402832
1821.0431429217, 1828.4307418788, 1824.7369424003, 1824.733203733, 51.862525939941
1828.4307418788, 1835.8183408359, 1832.1245413574, 1832.1208177654, 73.290641784668
1835.8183408359, 1843.205939793, 1839.5121403144, 1839.5084316767, 65.121315002441
1843.205939793, 1850.5935387501, 1846.8997392715, 1846.8960454684, 74.57544708252
1850.5935387501, 1857.9811377072, 1854.2873382286, 1854.2836591418, 80.716285705566
1857.9811377072, 1865.3687366642, 1861.6749371857, 1861.6712726985, 83.569351196289
1865.3687366642, 1872.7563356213, 1869.0625361428, 1869.0588861397, 84.05354309082
1872.7563356213, 1880.1439345784, 1876.4501350999, 1876.4464994669, 83.635009765625
1880.1439345784, 1887.5315335355, 1883.837734057, 1883.8341126814, 81.922210693359
1887.5315335355, 1894.9191324926, 1891.2253330141, 1891.2217257846, 73.354476928711
1894.9191324926, 1902.3067314497, 1898.6129319711, 1898.6093387776, 76.518371582031
1902.3067314497, 1909.6943304068, 1906.0005309282, 1905.9969516618, 85.956481933594
1909.6943304068, 1917.0819293639, 1913.3881298853, 1913.3845644385, 85.741943359375
1917.0819293639, 1924.4695283209, 1920.7757288424, 1920.7721771088, 83.730819702148
1924.4695283209, 1931.857127278, 1928.1633277995, 1928.1597896741, 88.929077148438
1931.857127278, 1939.2447262351, 1935.5509267566, 1935.5474021355, 95.3896484375
1939.2447262351, 1946.6323251922, 1942.9385257137, 1942.9350144942, 96.928512573242
1946.6323251922, 1954.0199241493, 1950.3261246707, 1950.3226267514, 87.527290344238
1954.0199241493, 1961.4075231064, 1957.7137236278, 1957.7102389082, 72.981956481934
1961.4075231064, 1968.7951220635, 1965.1013225849, 1965.0978509658, 78.100387573242
1968.7951220635, 1976.1827210205, 1972.488921542, 1972.4854629252, 80.34245300293
1976.1827210205, 1983.5703199776, 1979.8765204991, 1979.8730747876, 74.663795471191
1983.5703199776, 1990.9579189347, 1987.2641194562, 1987.2606865541, 68.960556030273
1990.9579189347, 1998.3455178918, 1994.6517184133, 1994.6482982256, 73.675224304199
1998.3455178918, 2005.7331168489, 2002.0393173703, 2002.0359098033, 77.802291870117
2005.7331168489, 2013.120715806, 2009.4269163274, 2009.4235212883, 77.541572570801
2013.120715806, 2020.5083147631, 2016.8145152845, 2016.8111326814, 67.189781188965
2020.5083147631, 2027.8959137201, 2024.2021142416, 2024.1987439838, 64.776679992676
2027.8959137201, 2035.2835126772, 2031.5897131987, 2031.5863551964, 69.545715332031
2035.2835126772, 2042.6711116343, 2038.9773121558, 2038.9739663202, 69.49658203125
2042.6711116343, 2050.0587105914, 2046.3649111129, 2046.3615773561, 64.342178344727
2050.0587105914, 2057.4463095485, 2053.7525100699, 2053.7491883051, 73.813423156738
2057.4463095485, 2064.8339085056, 2061.140109027, 2061.1367991682, 73.103317260742
2064.8339085056, 2072.2215074627, 2068.5277079841, 2068.5244099462, 74.138236999512
2072.2215074627, 2079.6091064197, 2075.9153069412, 2075.9120206401, 74.32755279541
2079.6091064197, 2086.9967053768, 2083.3029058983, 2083.2996312508, 73.627532958984
2086.9967053768, 2094.3843043339, 2090.6905048554, 2090.6872417791, 77.138465881348
2094.3843043339, 2101.771903291, 2098.0781038125, 2098.0748522259, 83.93824005127
2101.771903291, 2109.1595022481, 2105.4657027695, 2105.4624625921, 88.100433349609
2109.1595022481, 2116.5471012052, 2112.8533017266, 2112.8500728785, 84.507537841797
2116.5471012052, 2123.9347001623, 2120.2409006837, 2120.2376830859, 61.57559967041
2123.9347001623, 2131.3222991194, 2127.6284996408, 2127.6252932152, 76.130424499512
2131.3222991194, 2138.7098980764, 2135.0160985979, 2135.0129032672, 85.692489624023
2138.7098980764, 2146.0974970335, 2142.403697555, 2142.4005132427, 85.905738830566
2146.0974970335, 2153.4850959906, 2149.7912965121, 2149.7881231425, 78.397369384766
2153.4850959906, 2160.8726949477, 2157.1788954692, 2157.1757329673, 85.261077880859
2160.8726949477, 2168.2602939048, 2164.5664944262, 2164.5633427179, 90.261810302734
2168.2602939048, 2175.6478928619, 2171.9540933833, 2171.9509523951, 87.461563110352
2175.6478928619, 2183.035491819, 2179.3416923404, 2179.3385619996, 80.362251281738
2183.035491819, 2190.423090776, 2186.7292912975, 2186.7261715322, 75.402648925781
2190.423090776, 2197.8106897331, 2194.1168902546, 2194.1137809936, 75.400772094727
2197.8106897331, 2205.1982886902, 2201.5044892117, 2201.5013903844, 78.20866394043
2205.1982886902, 2212.5858876473, 2208.8920881688, 2208.8889997055, 75.75904083252
2212.5858876473, 2219.9734866044, 2216.2796871258, 2216.2766089575, 71.387145996094
2219.9734866044, 2227.3610855615, 2223.6672860829, 2223.664218141, 69.890289306641
2227.3610855615, 2234.7486845186, 2231.05488504, 2231.0518272569, 72.917808532715
2234.7486845186, 2242.1362834756, 2238.4424839971, 2238.4394363057, 72.422027587891
2242.1362834756, 2249.5238824327, 2245.8300829542, 2245.8270452881, 66.035308837891
2249.5238824327, 2256.9114813898, 2253.2176819113, 2253.2146542047, 68.887901306152
2256.9114813898, 2264.2990803469, 2260.6052808684, 2260.6022630563, 75.176780700684
2264.2990803469, 2271.686679304, 2267.9928798254, 2267.9898718434, 77.47917175293
2271.686679304, 2279.0742782611, 2275.3804787825, 2275.3774805667, 78.827156066895
2279.0742782611, 2286.4618772182, 2282.7680777396, 2282.7650892268, 73.196266174316
2286.4618772182, 2293.8494761752, 2290.1556766967, 2290.1526978242, 71.133178710938
2293.8494761752, 2301.2370751323, 2297.5432756538, 2297.5403063597, 74.819709777832
2301.2370751323, 2308.6246740894, 2304.9308746109, 2304.9279148338, 73.111793518066
2308.6246740894, 2316.0122730465, 2312.318473568, 2312.315523247, 81.590843200684
2316.0122730465, 2323.3998720036, 2319.706072525, 2319.7031316, 80.929748535156
2323.3998720036, 2330.7874709607, 2327.0936714821, 2327.0907398934, 80.051551818848
2330.7874709607, 2338.1750699178, 2334.4812704392, 2334.4783481277, 88.09122467041
2338.1750699178, 2345.5626688748, 2341.8688693963, 2341.8659563034, 85.006286621094
2345.5626688748, 2352.9502678319, 2349.2564683534, 2349.2535644212, 69.126190185547
2352.9502678319, 2360.337866789, 2356.6440673105, 2356.6411724815, 79.237678527832
2360.337866789, 2367.7254657461, 2364.0316662676, 2364.028780485, 77.614501953125
2367.7254657461, 2375.1130647032, 2371.4192652246, 2371.416388432, 82.051132202148
2375.1130647032, 2382.5006636603, 2378.8068641817, 2378.8039963233, 80.127090454102
2382.5006636603, 2389.8882626174, 2386.1944631388, 2386.1916041592, 77.50065612793
2389.8882626174, 2397.2758615745, 2393.5820620959, 2393.5792119403, 79.51879119873
2397.2758615745, 2404.6634605315, 2400.969661053, 2400.9668196671, 77.533081054688
2404.6634605315, 2412.0510594886, 2408.3572600101, 2408.3544273401, 72.550216674805
2412.0510594886, 2419.4386584457, 2415.7448589672, 2415.7420349598, 71.214569091797
2419.4386584457, 2426.8262574028, 2423.1324579243, 2423.1296425267, 77.700904846191
2426.8262574028, 2434.2138563599, 2430.5200568813, 2430.5172500412, 78.478637695312
2434.2138563599, 2441.601455317, 2437.9076558384, 2437.9048575039, 79.724960327148
2441.601455317, 2448.9890542741, 2445.2952547955, 2445.2924649152, 78.451202392578
2448.9890542741, 2456.3766532311, 2452.6828537526, 2452.6800722755, 71.394973754883
2456.3766532311, 2463.7642521882, 2460.0704527097, 2460.0676795854, 63.535232543945
2463.7642521882, 2471.1518511453, 2467.4580516668, 2467.4552868453, 69.519523620605
2471.1518511453, 2478.5394501024, 2474.8456506239, 2474.8428940555, 77.64225769043
2478.5394501024, 2485.9270490595, 2482.2332495809, 2482.2305012167, 78.74390411377
2485.9270490595, 2493.3146480166, 2489.620848538, 2489.6181083292, 70.701728820801
2493.3146480166, 2500.7022469737, 2497.0084474951, 2497.0057153934, 77.986381530762
2500.7022469737, 2508.0898459307, 2504.3960464522, 2504.3933224098, 81.672546386719
2508.0898459307, 2515.4774448878, 2511.7836454093, 2511.7809293788, 74.463897705078
2515.4774448878, 2522.8650438449, 2519.1712443664, 2519.1685363008, 74.157104492188
2522.8650438449, 2530.252642802, 2526.5588433235, 2526.5561431762, 69.899871826172
2530.252642802, 2537.6402417591, 2533.9464422805, 2533.9437500054, 79.884071350098
2537.6402417591, 2545.0278407162, 2541.3340412376, 2541.3313567889, 84.75602722168
2545.0278407162, 2552.4154396733, 2548.7216401947, 2548.718963527, 82.533988952637
2552.4154396733, 2559.8030386303, 2556.1092391518, 2556.1065702202, 74.598167419434
2559.8030386303, 2567.1906375874, 2563.4968381089, 2563.4941768687, 81.75936126709
2567.1906375874, 2574.5782365445, 2570.884437066, 2570.881783473, 88.111320495605
2574.5782365445, 2581.9658355016, 2578.2720360231, 2578.2693900335, 87.142318725586
2581.9658355016, 2589.3534344587, 2585.6596349801, 2585.6569965506, 78.914398193359
2589.3534344587, 2596.7410334158, 2593.0472339372, 2593.0446030246, 83.713798522949
2596.7410334158, 2604.1286323729, 2600.4348328943, 2600.4322094559, 80.956596374512
2604.1286323729, 2611.5162313299, 2607.8224318514, 2607.8198158448, 82.600692749023
2611.5162313299, 2618.903830287, 2615.2100308085, 2615.2074221917, 79.762435913086
2618.903830287, 2626.2914292441, 2622.5976297656, 2622.595028497, 72.937721252441
2626.2914292441, 2633.6790282012, 2629.9852287227, 2629.9826347611, 78.233169555664
2633.6790282012, 2641.0666271583, 2637.3728276798, 2637.3702409842, 82.150932312012
2641.0666271583, 2648.4542261154, 2644.7604266368, 2644.7578471667, 82.04020690918
2648.4542261154, 2655.8418250725, 2652.1480255939, 2652.1454533089, 71.43677520752
2655.8418250725, 2663.2294240296, 2659.535624551, 2659.5330594112, 71.919830322266
2663.2294240296, 2670.6170229866, 2666.9232235081, 2666.920665474, 75.028923034668
2670.6170229866, 2678.0046219437, 2674.3108224652, 2674.3082714975, 74.781379699707
2678.0046219437, 2685.3922209008, 2681.6984214223, 2681.695877482, 72.724510192871
2685.3922209008, 2692.7798198579, 2689.0860203794, 2689.083483428, 72.540901184082
2692.7798198579, 2700.167418815, 2696.4736193364, 2696.4710893356, 55.913707733154
2700.167418815, 2707.5550177721, 2703.8612182935, 2703.8586952053, 71.384223937988
2707.5550177721, 2714.9426167292, 2711.2488172506, 2711.2463010373, 78.47583770752
2714.9426167292, 2722.3302156862, 2718.6364162077, 2718.6339068319, 78.873931884766
2722.3302156862, 2729.7178146433, 2726.0240151648, 2726.0215125895, 76.019416809082
2729.7178146433, 2737.1054136004, 2733.4116141219, 2733.4091183103, 69.487327575684
2737.1054136004, 2744.4930125575, 2740.799213079, 2740.7967239946, 74.771675109863
2744.4930125575, 2751.8806115146, 2748.186812036, 2748.1843296428, 58.374824523926
2751.8806115146, 2759.2682104717, 2755.5744109931, 2755.5719352551, 73.618995666504
2759.2682104717, 2766.6558094288, 2762.9620099502, 2762.9595408318, 67.633834838867
2766.6558094288, 2774.0434083858, 2770.3496089073, 2770.3471463732, 82.653511047363
2774.0434083858, 2781.4310073429, 2777.7372078644, 2777.7347518796, 83.163963317871
2781.4310073429, 2788.8186063, 2785.1248068215, 2785.1223573512, 77.507843017578
2788.8186063, 2796.2062052571, 2792.5124057786, 2792.5099627884, 72.366569519043
2796.2062052571, 2803.5938042142, 2799.9000047356, 2799.8975681914, 84.975494384766
2803.5938042142, 2810.9814031713, 2807.2876036927, 2807.2851735604, 85.512397766113
2810.9814031713, 2818.3690021284, 2814.6752026498, 2814.6727788958, 79.841186523438
2818.3690021284, 2825.7566010854, 2822.0628016069, 2822.0603841978, 61.474376678467
2825.7566010854, 2833.1442000425, 2829.450400564, 2829.4479894667, 69.751663208008
2833.1442000425, 2840.5317989996, 2836.8379995211, 2836.8355947027, 69.706619262695
2840.5317989996, 2847.9193979567, 2844.2255984782, 2844.2231999061, 62.206573486328
2847.9193979567, 2855.3069969138, 2851.6131974352, 2851.6108050771, 66.296455383301
2855.3069969138, 2862.6945958709, 2859.0007963923, 2858.998410216, 73.674156188965
2862.6945958709, 2870.082194828, 2866.3883953494, 2866.386015323, 69.659652709961
2870.082194828, 2877.469793785, 2873.7759943065, 2873.7736203984, 70.89306640625
2877.469793785, 2884.8573927421, 2881.1635932636, 2881.1612254424, 73.561141967773
2884.8573927421, 2892.2449916992, 2888.5511922207, 2888.5488304553, 73.730560302734
2892.2449916992, 2899.6325906563, 2895.9387911778, 2895.9364354373, 72.586929321289
2899.6325906563, 2907.0201896134, 2903.3263901349, 2903.3240403887, 64.453231811523
2907.0201896134, 2914.4077885705, 2910.7139890919, 2910.7116453096, 72.314407348633
2914.4077885705, 2921.7953875276, 2918.101588049, 2918.0992502003, 75.65665435791
2921.7953875276, 2929.1829864847, 2925.4891870061, 2925.4868550611, 69.953323364258
2929.1829864847, 2936.5705854417, 2932.8767859632, 2932.8744598921, 74.144821166992
2936.5705854417, 2943.9581843988, 2940.2643849203, 2940.2620646936, 67.769027709961
2943.9581843988, 2951.3457833559, 2947.6519838774, 2947.6496694658, 67.929862976074
2951.3457833559, 2958.733382313, 2955.0395828345, 2955.0372742089, 73.48469543457
2958.733382313, 2966.1209812701, 2962.4271817915, 2962.4248789231, 78.151885986328
2966.1209812701, 2973.5085802272, 2969.8147807486, 2969.8124836088, 76.456855773926
2973.5085802272, 2980.8961791843, 2977.2023797057, 2977.2000882659, 66.796272277832
2980.8961791843, 2988.2837781413, 2984.5899786628, 2984.5876928949, 70.648490905762
2988.2837781413, 2995.6713770984, 2991.9775776199, 2991.9752974959, 67.297668457031
2995.6713770984, 3003.0589760555, 2999.365176577, 2999.362902069, 80.196243286133
3003.0589760555, 3010.4465750126, 3006.7527755341, 3006.7505066146, 83.646041870117
3010.4465750126, 3017.8341739697, 3014.1403744911, 3014.1381111328, 71.363304138184
3017.8341739697, 3025.2217729268, 3021.5279734482, 3021.5257156237, 75.267929077148
3025.2217729268, 3032.6093718839, 3028.9155724053, 3028.9133200877, 73.485084533691
3032.6093718839, 3039.9969708409, 3036.3031713624, 3036.3009245249, 65.935188293457
3039.9969708409, 3047.384569798, 3043.6907703195, 3043.6885289355, 62.917301177979
3047.384569798, 3054.7721687551, 3051.0783692766, 3051.0761333197, 63.615829467773
3054.7721687551, 3062.1597677122, 3058.4659682337, 3058.4637376776, 61.075702667236
3062.1597677122, 3069.5473666693, 3065.8535671907, 3065.8513420095, 62.766311645508
3069.5473666693, 3076.9349656264, 3073.2411661478, 3073.2389463156, 71.57878112793
3076.9349656264, 3084.3225645835, 3080.6287651049, 3080.626550596, 73.821983337402
3084.3225645835, 3091.7101635405, 3088.016364062, 3088.014154851, 67.512107849121
3091.7101635405, 3099.0977624976, 3095.4039630191, 3095.4017590807, 55.100059509277
3099.0977624976, 3106.4853614547, 3102.7915619762, 3102.7893632852, 62.623180389404
3106.4853614547, 3113.8729604118, 3110.1791609333, 3110.1769674649, 70.711395263672
3113.8729604118, 3121.2605593689, 3117.5667598903, 3117.5645716197, 73.264739990234
3121.2605593689, 3128.648158326, 3124.9543588474, 3124.9521757501, 71.238891601562
3128.648158326, 3136.0357572831, 3132.3419578045, 3132.339779856, 49.826126098633
3136.0357572831, 3143.4233562402, 3139.7295567616, 3139.7273839376, 65.265609741211
3143.4233562402, 3150.8109551972, 3147.1171557187, 3147.1149879952, 68.463600158691
3150.8109551972, 3158.1985541543, 3154.5047546758, 3154.502592029, 62.58296585083
3158.1985541543, 3165.5861531114, 3161.8923536329, 3161.890196039, 60.652992248535
3165.5861531114, 3172.9737520685, 3169.27995259, 3169.2778000254, 69.826988220215
3172.9737520685, 3180.3613510256, 3176.667551547, 3176.6654039885, 70.334045410156
3180.3613510256, 3187.7489499827, 3184.0551505041, 3184.0530079283, 72.197021484375
3187.7489499827, 3195.1365489398, 3191.4427494612, 3191.4406118451, 75.249412536621
3195.1365489398, 3202.5241478968, 3198.8303484183, 3198.8282157389, 79.88737487793
3202.5241478968, 3209.9117468539, 3206.2179473754, 3206.21581961, 77.371948242188
3209.9117468539, 3217.299345811, 3213.6055463325, 3213.6034234585, 71.254981994629
3217.299345811, 3224.6869447681, 3220.9931452896, 3220.9910272846, 74.351097106934
3224.6869447681, 3232.0745437252, 3228.3807442466, 3228.3786310884, 73.721343994141
3232.0745437252, 3239.4621426823, 3235.7683432037, 3235.76623487, 72.179931640625
3239.4621426823, 3246.8497416394, 3243.1559421608, 3243.1538386297, 69.230400085449
3246.8497416394, 3254.2373405964, 3250.5435411179, 3250.5414423675, 71.020637512207
3254.2373405964, 3261.6249395535, 3257.931140075, 3257.9290460837, 62.431137084961
3261.6249395535, 3269.0125385106, 3265.3187390321, 3265.3166497783, 67.996307373047
3269.0125385106, 3276.4001374677, 3272.7063379892, 3272.7042534515, 65.466079711914
3276.4001374677, 3283.7877364248, 3280.0939369462, 3280.0918571035, 67.621032714844
3283.7877364248, 3291.1753353819, 3287.4815359033, 3287.4794607344, 71.255592346191
3291.1753353819, 3298.562934339, 3294.8691348604, 3294.8670643444, 63.725280761719
3298.562934339, 3305.950533296, 3302.2567338175, 3302.2546679335, 67.986763000488
3305.950533296, 3313.3381322531, 3309.6443327746, 3309.6422715019, 69.979499816895
3313.3381322531, 3320.7257312102, 3317.0319317317, 3317.0298750498, 56.427925109863
3320.7257312102, 3328.1133301673, 3324.4195306888, 3324.4174785773, 64.858047485352
3328.1133301673, 3335.5009291244, 3331.8071296458, 3331.8050820845, 57.357353210449
3335.5009291244, 3342.8885280815, 3339.1947286029, 3339.1926855716, 72.079238891602
3342.8885280815, 3350.2761270386, 3346.58232756, 3346.5802890387, 75.446739196777
3350.2761270386, 3357.6637259956, 3353.9699265171, 3353.9678924859, 73.351371765137
3357.6637259956, 3365.0513249527, 3361.3575254742, 3361.3554959134, 64.951797485352
3365.0513249527, 3372.4389239098, 3368.7451244313, 3368.7430993213, 67.852722167969
3372.4389239098, 3379.8265228669, 3376.1327233884, 3376.1307027097, 69.27668762207
3379.8265228669, 3387.214121824, 3383.5203223455, 3383.5183060788, 64.792572021484
3387.214121824, 3394.6017207811, 3390.9079213025, 3390.9059094286, 67.724975585938
3394.6017207811, 3401.9893197382, 3398.2955202596, 3398.2935127593, 74.108352661133
3401.9893197382, 3409.3769186953, 3405.6831192167, 3405.6811160711, 79.41333770752
3409.3769186953, 3416.7645176523, 3413.0707181738, 3413.068719364, 79.733779907227
3416.7645176523, 3424.1521166094, 3420.4583171309, 3420.4563226381, 77.22925567627
3424.1521166094, 3431.5397155665, 3427.845916088, 3427.8439258937, 74.717414855957
3431.5397155665, 3438.9273145236, 3435.2335150451, 3435.2315291308, 73.322860717773
3438.9273145236, 3446.3149134807, 3442.6211140021, 3442.6191323495, 66.319892883301
3446.3149134807, 3453.7025124378, 3450.0087129592, 3450.0067355499, 71.071685791016
3453.7025124378, 3461.0901113949, 3457.3963119163, 3457.3943387323, 73.011154174805
3461.0901113949, 3468.4777103519, 3464.7839108734, 3464.7819418966, 78.473373413086
3468.4777103519, 3475.865309309, 3472.1715098305, 3472.169545043, 69.621810913086
3475.865309309, 3483.2529082661, 3479.5591087876, 3479.5571481716, 69.439521789551
3483.2529082661, 3490.6405072232, 3486.9467077447, 3486.9447512825, 72.309997558594
3490.6405072232, 3498.0281061803, 3494.3343067017, 3494.3323543759, 64.693473815918
3498.0281061803, 3505.4157051374, 3501.7219056588, 3501.7199574518, 69.938179016113
3505.4157051374, 3512.8033040945, 3509.1095046159, 3509.1075605104, 69.588874816895
3512.8033040945, 3520.1909030515, 3516.497103573, 3516.4951635517, 67.371566772461
3520.1909030515, 3527.5785020086, 3523.8847025301, 3523.8827665759, 66.481880187988
3527.5785020086, 3534.9661009657, 3531.2723014872, 3531.2703695832, 56.072761535645
3534.9661009657, 3542.3536999228, 3538.6599004443, 3538.6579725734, 72.136894226074
3542.3536999228, 3549.7412988799, 3546.0474994013, 3546.0455755469, 75.583511352539
3549.7412988799, 3557.128897837, 3553.4350983584, 3553.4331785037, 74.835372924805
3557.128897837, 3564.5164967941, 3560.8226973155, 3560.8207814439, 65.747917175293
3564.5164967941, 3571.9040957511, 3568.2102962726, 3568.2083843676, 73.383865356445
3571.9040957511, 3579.2916947082, 3575.5978952297, 3575.5959872749, 75.562728881836
3579.2916947082, 3586.6792936653, 3582.9854941868, 3582.9835901659, 72.677711486816
3586.6792936653, 3594.0668926224, 3590.3730931439, 3590.3711930407, 70.623504638672
3594.0668926224, 3601.4544915795, 3597.7606921009, 3597.7587958995, 60.972888946533
3601.4544915795, 3608.8420905366, 3605.148291058, 3605.1463987422, 71.415946960449
3608.8420905366, 3616.2296894937, 3612.5358900151, 3612.5340015691, 77.848472595215
3616.2296894937, 3623.6172884507, 3619.9234889722, 3619.9216043801, 76.921875
3623.6172884507, 3631.0048874078, 3627.3110879293, 3627.3092071755, 70.389045715332
3631.0048874078, 3638.3924863649, 3634.6986868864, 3634.6968099553, 78.333045959473
3638.3924863649, 3645.780085322, 3642.0862858435, 3642.0844127195, 76.164123535156
3645.780085322, 3653.1676842791, 3649.4738848006, 3649.4720154684, 75.28564453125
3653.1676842791, 3660.5552832362, 3656.8614837576, 3656.8596182019, 72.389007568359
3660.5552832362, 3667.9428821933, 3664.2490827147, 3664.2472209202, 78.212936401367
3667.9428821933, 3675.3304811504, 3671.6366816718, 3671.6348236233, 80.937423706055
3675.3304811504, 3682.7180801074, 3679.0242806289, 3679.0224263114, 78.105018615723
3682.7180801074, 3690.1056790645, 3686.411879586, 3686.4100289846, 73.800415039062
3690.1056790645, 3697.4932780216, 3693.7994785431, 3693.7976316429, 71.198425292969
3697.4932780216, 3704.8808769787, 3701.1870775002, 3701.1852342864, 71.065071105957
3704.8808769787, 3712.2684759358, 3708.5746764572, 3708.5728369152, 70.527046203613
3712.2684759358, 3719.6560748929, 3715.9622754143, 3715.9604395294, 73.257637023926
3719.6560748929, 3727.04367385, 3723.3498743714, 3723.3480421292, 72.864318847656
3727.04367385, 3734.431272807, 3730.7374733285, 3730.7356447144, 64.414772033691
3734.431272807, 3741.8188717641, 3738.1250722856, 3738.1232472854, 60.579044342041
3741.8188717641, 3749.2064707212, 3745.5126712427, 3745.5108498421, 65.002082824707
3749.2064707212, 3756.5940696783, 3752.9002701998, 3752.8984523846, 64.350730895996
3756.5940696783, 3763.9816686354, 3760.2878691568, 3760.286054913, 64.589302062988
3763.9816686354, 3771.3692675925, 3767.6754681139, 3767.6736574275, 64.202705383301
3771.3692675925, 3778.7568665496, 3775.063067071, 3775.061259928, 73.5107421875
3778.7568665496, 3786.1444655066, 3782.4506660281, 3782.4488624146, 73.481758117676
3786.1444655066, 3793.5320644637, 3789.8382649852, 3789.8364648875, 67.840476989746
3793.5320644637, 3800.9196634208, 3797.2258639423, 3797.2240673468, 72.017066955566
3800.9196634208, 3808.3072623779, 3804.6134628994, 3804.6116697924, 73.493370056152
3808.3072623779, 3815.694861335, 3812.0010618564, 3811.9992722245, 72.321678161621
3815.694861335, 3823.0824602921, 3819.3886608135, 3819.3868746432, 58.591339111328
3823.0824602921, 3830.4700592492, 3826.7762597706, 3826.7744770484, 60.670223236084
3830.4700592492, 3837.8576582062, 3834.1638587277, 3834.1620794405, 73.39673614502
3837.8576582062, 3845.2452571633, 3841.5514576848, 3841.5496818192, 77.681503295898
3845.2452571633, 3852.6328561204, 3848.9390566419, 3848.9372841849, 78.370597839355
3852.6328561204, 3860.0204550775, 3856.326655599, 3856.3248865375, 62.04109954834
3860.0204550775, 3867.4080540346, 3863.714254556, 3863.7124888771, 74.895042419434
3867.4080540346, 3874.7956529917, 3871.1018535131, 3871.1000912038, 73.00366973877
3874.7956529917, 3882.1832519488, 3878.4894524702, 3878.4876935177, 63.187824249268
3882.1832519488, 3889.5708509059, 3885.8770514273, 3885.8752958188, 65.540908813477
3889.5708509059, 3896.9584498629, 3893.2646503844, 3893.2628981072, 65.98828125
3896.9584498629, 3904.34604882, 3900.6522493415, 3900.650500383, 74.588562011719
3904.34604882, 3911.7336477771, 3908.0398482986, 3908.0381026462, 69.290969848633
3911.7336477771, 3919.1212467342, 3915.4274472557, 3915.425704897, 71.64754486084
3919.1212467342, 3926.5088456913, 3922.8150462127, 3922.8133071354, 72.274383544922
3926.5088456913, 3933.8964446484, 3930.2026451698, 3930.2009093614, 68.324310302734
3933.8964446484, 3941.2840436055, 3937.5902441269, 3937.5885115752, 62.263576507568
3941.2840436055, 3948.6716425625, 3944.977843084, 3944.9761137767, 65.152923583984
3948.6716425625, 3956.0592415196, 3952.3654420411, 3952.3637159662, 56.813468933105
3956.0592415196, 3963.4468404767, 3959.7530409982, 3959.7513181436, 61.446907043457
3963.4468404767, 3970.8344394338, 3967.1406399553, 3967.1389203089, 64.791107177734
3970.8344394338, 3978.2220383909, 3974.5282389123, 3974.5265224624, 62.305583953857
3978.2220383909, 3985.609637348, 3981.9158378694, 3981.914124604, 65.990539550781
3985.609637348, 3992.9972363051, 3989.3034368265, 3989.3017267338, 62.170066833496
3992.9972363051, 4000.3848352621, 3996.6910357836, 3996.6893288519, 70.722320556641
4000.3848352621, 4007.7724342192, 4004.0786347407, 4004.0769309583, 73.285194396973
4007.7724342192, 4015.1600331763, 4011.4662336978, 4011.4645330531, 69.719230651855
4015.1600331763, 4022.5476321334, 4018.8538326549, 4018.8521351364, 60.129611968994
4022.5476321334, 4029.9352310905, 4026.2414316119, 4026.2397372082, 65.298675537109
4029.9352310905, 4037.3228300476, 4033.629030569, 4033.6273392685, 64.933486938477
4037.3228300476, 4044.7104290047, 4041.0166295261, 4041.0149413176, 66.166931152344
4044.7104290047, 4052.0980279617, 4048.4042284832, 4048.4025433554, 70.06420135498
4052.0980279617, 4059.4856269188, 4055.7918274403, 4055.7901453819, 68.135719299316
4059.4856269188, 4066.8732258759, 4063.1794263974, 4063.1777473973, 71.177673339844
4066.8732258759, 4074.260824833, 4070.5670253545, 4070.5653494015, 68.793258666992
4074.260824833, 4081.6484237901, 4077.9546243115, 4077.9529513948, 70.995506286621
4081.6484237901, 4089.0360227472, 4085.3422232686, 4085.340553377, 70.177040100098
4089.0360227472, 4096.4236217043, 4092.7298222257, 4092.7281553484, 62.187232971191
4096.4236217043, 4103.8112206613, 4100.1174211828, 4100.1157573088, 60.888336181641
4103.8112206613, 4111.1988196184, 4107.5050201399, 4107.5033592585, 65.300521850586
4111.1988196184, 4118.5864185755, 4114.892619097, 4114.8909611974, 31.126754760742
4118.5864185755, 4125.9740175326, 4122.2802180541, 4122.2785631257, 56.709075927734
4125.9740175326, 4133.3616164897, 4129.6678170111, 4129.6661650433, 68.162117004395
4133.3616164897, 4140.7492154468, 4137.0554159682, 4137.0537669503, 62.903343200684
4140.7492154468, 4148.1368144039, 4144.4430149253, 4144.4413688468, 57.89778137207
4148.1368144039, 4155.524413361, 4151.8306138824, 4151.8289707328, 67.150726318359
4155.524413361, 4162.912012318, 4159.2182128395, 4159.2165726085, 64.593437194824
4162.912012318, 4170.2996112751, 4166.6058117966, 4166.6041744738, 54.881694793701
4170.2996112751, 4177.6872102322, 4173.9934107537, 4173.9917763288, 61.781936645508
4177.6872102322, 4185.0748091893, 4181.3810097108, 4181.3793781736, 65.959594726562
4185.0748091893, 4192.4624081464, 4188.7686086678, 4188.7669800081, 70.037048339844
4192.4624081464, 4199.8500071035, 4196.1562076249, 4196.1545818326, 64.190376281738
4199.8500071035, 4207.2376060606, 4203.543806582, 4203.542183647, 70.930786132812
4207.2376060606, 4214.6252050176, 4210.9314055391, 4210.9297854513, 74.296890258789
4214.6252050176, 4222.0128039747, 4218.3190044962, 4218.3173872457, 70.456047058105
4222.0128039747, 4229.4004029318, 4225.7066034533, 4225.7049890301, 64.793190002441
4229.4004029318, 4236.7880018889, 4233.0942024104, 4233.0925908047, 61.298748016357
4236.7880018889, 4244.175600846, 4240.4818013674, 4240.4801925695, 66.287628173828
4244.175600846, 4251.5631998031, 4247.8694003245, 4247.8677943245, 66.881813049316
4251.5631998031, 4258.9507987602, 4255.2569992816, 4255.2553960697, 63.014190673828
4258.9507987602, 4266.3383977172, 4262.6445982387, 4262.6429978054, 66.254692077637
4266.3383977172, 4273.7259966743, 4270.0321971958, 4270.0305995314, 64.717292785645
4273.7259966743, 4281.1135956314, 4277.4197961529, 4277.4182012478, 72.121810913086
4281.1135956314, 4288.5011945885, 4284.80739511, 4284.8058029547, 69.290756225586
4288.5011945885, 4295.8887935456, 4292.194994067, 4292.1934046522, 61.12943649292
4295.8887935456, 4303.2763925027, 4299.5825930241, 4299.5810063402, 63.81029510498
4303.2763925027, 4310.6639914598, 4306.9701919812, 4306.9686080189, 66.598747253418
4310.6639914598, 4318.0515904168, 4314.3577909383, 4314.3562096882, 66.874557495117
4318.0515904168, 4325.4391893739, 4321.7453898954, 4321.7438113483, 59.057437896729
4325.4391893739, 4332.826788331, 4329.1329888525, 4329.1314129992, 68.22248840332
4332.826788331, 4340.2143872881, 4336.5205878096, 4336.5190146408, 71.124671936035
4340.2143872881, 4347.6019862452, 4343.9081867666, 4343.9066162734, 68.882164001465
4347.6019862452, 4354.9895852023, 4351.2957857237, 4351.2942178968, 64.582801818848
4354.9895852023, 4362.3771841594, 4358.6833846808, 4358.6818195113, 64.887016296387
4362.3771841594, 4369.7647831164, 4366.0709836379, 4366.0694211167, 71.329071044922
4369.7647831164, 4377.1523820735, 4373.458582595, 4373.4570227132, 70.478080749512
4377.1523820735, 4384.5399810306, 4380.8461815521, 4380.8446243008, 59.224182128906
4384.5399810306, 4391.9275799877, 4388.2337805092, 4388.2322258795, 63.43904876709
4391.9275799877, 4399.3151789448, 4395.6213794663, 4395.6198274494, 65.709808349609
4399.3151789448, 4406.7027779019, 4403.0089784233, 4403.0074290105, 60.48770904541
4406.7027779019, 4414.090376859, 4410.3965773804, 4410.3950305629, 67.42015838623
4414.090376859, 4421.4779758161, 4417.7841763375, 4417.7826321067, 67.066070556641
4421.4779758161, 4428.8655747731, 4425.1717752946, 4425.1702336418, 68.184173583984
4428.8655747731, 4436.2531737302, 4432.5593742517, 4432.5578351683, 62.733963012695
4436.2531737302, 4443.6407726873, 4439.9469732088, 4439.9454366863, 70.751411437988
4443.6407726873, 4451.0283716444, 4447.3345721659, 4447.3330381957, 71.709449768066
4451.0283716444, 4458.4159706015, 4454.7221711229, 4454.7206396967, 68.363189697266
4458.4159706015, 4465.8035695586, 4462.10977008, 4462.1082411893, 67.267776489258
4465.8035695586, 4473.1911685157, 4469.4973690371, 4469.4958426734, 66.834838867188
4473.1911685157, 4480.5787674727, 4476.8849679942, 4476.8834441493, 70.318496704102
4480.5787674727, 4487.9663664298, 4484.2725669513, 4484.2710456168, 63.962829589844
4487.9663664298, 4495.3539653869, 4491.6601659084, 4491.6586470761, 71.236297607422
4495.3539653869, 4502.741564344, 4499.0477648655, 4499.0462485272, 70.389457702637
4502.741564344, 4510.1291633011, 4506.4353638225, 4506.43384997, 62.024375915527
4510.1291633011, 4517.5167622582, 4513.8229627796, 4513.8214514048, 68.898017883301
4517.5167622582, 4524.9043612153, 4521.2105617367, 4521.2090528314, 70.510520935059
4524.9043612153, 4532.2919601723, 4528.5981606938, 4528.59665425, 63.159133911133
4532.2919601723, 4539.6795591294, 4535.9857596509, 4535.9842556606, 58.995742797852
4539.6795591294, 4547.0671580865, 4543.373358608, 4543.3718570632, 67.067817687988
4547.0671580865, 4554.4547570436, 4550.7609575651, 4550.7594584579, 69.923187255859
4554.4547570436, 4561.8423560007, 4558.1485565221, 4558.1470598446, 68.035049438477
4561.8423560007, 4569.2299549578, 4565.5361554792, 4565.5346612235, 57.997890472412
4569.2299549578, 4576.6175539149, 4572.9237544363, 4572.9222625946, 67.36743927002
4576.6175539149, 4584.0051528719, 4580.3113533934, 4580.3098639579, 61.76806640625
4584.0051528719, 4591.392751829, 4587.6989523505, 4587.6974653134, 63.607494354248
4591.392751829, 4598.7803507861, 4595.0865513076, 4595.0850666612, 65.854675292969
4598.7803507861, 4606.1679497432, 4602.4741502647, 4602.4726680014, 56.157867431641
4606.1679497432, 4613.5555487003, 4609.8617492217, 4609.8602693339, 60.621814727783
4613.5555487003, 4620.9431476574, 4617.2493481788, 4617.2478706588, 65.04126739502
4620.9431476574, 4628.3307466145, 4624.6369471359, 4624.6354719761, 66.419982910156
4628.3307466145, 4635.7183455716, 4632.024546093, 4632.023073286, 69.230049133301
4635.7183455716, 4643.1059445286, 4639.4121450501, 4639.4106745883, 66.822166442871
4643.1059445286, 4650.4935434857, 4646.7997440072, 4646.7982758831, 62.4469871521
4650.4935434857, 4657.8811424428, 4654.1873429643, 4654.1858771706, 60.193599700928
4657.8811424428, 4665.2687413999, 4661.5749419214, 4661.5734784506, 55.000324249268
4665.2687413999, 4672.656340357, 4668.9625408784, 4668.9610797234, 67.870704650879
4672.656340357, 4680.0439393141, 4676.3501398355, 4676.3486809887, 69.921363830566
4680.0439393141, 4687.4315382712, 4683.7377387926, 4683.7362822468, 61.526905059814
4687.4315382712, 4694.8191372282, 4691.1253377497, 4691.1238834977, 70.970642089844
4694.8191372282, 4702.2067361853, 4698.5129367068, 4698.5114847414, 68.830360412598
4702.2067361853, 4709.5943351424, 4705.9005356639, 4705.8990859778, 67.064315795898
4709.5943351424, 4716.9819340995, 4713.288134621, 4713.2866872071, 66.97241973877
4716.9819340995, 4724.3695330566, 4720.675733578, 4720.6742884294, 70.367034912109
4724.3695330566, 4731.7571320137, 4728.0633325351, 4728.0618896445, 76.039436340332
4731.7571320137, 4739.1447309708, 4735.4509314922, 4735.4494908526, 72.018020629883
4739.1447309708, 4746.5323299278, 4742.8385304493, 4742.8370920536, 72.190315246582
4746.5323299278, 4753.9199288849, 4750.2261294064, 4750.2246932477, 68.789947509766
4753.9199288849, 4761.307527842, 4757.6137283635, 4757.6122944349, 61.111064910889
4761.307527842, 4768.6951267991, 4765.0013273206, 4764.9998956151, 64.850471496582
4768.6951267991, 4776.0827257562, 4772.3889262776, 4772.3874967885, 64.164619445801
4776.0827257562, 4783.4703247133, 4779.7765252347, 4779.775097955, 59.714351654053
4783.4703247133, 4790.8579236704, 4787.1641241918, 4787.1626991146, 66.367797851562
4790.8579236704, 4798.2455226274, 4794.5517231489, 4794.5503002675, 60.921245574951
4798.2455226274, 4805.6331215845, 4801.939322106, 4801.9379014137, 67.389656066895
4805.6331215845, 4813.0207205416, 4809.3269210631, 4809.3255025531, 59.66357421875
4813.0207205416, 4820.4083194987, 4816.7145200202, 4816.7131036858, 57.219905853271
4820.4083194987, 4827.7959184558, 4824.1021189772, 4824.1007048118, 60.30757522583
4827.7959184558, 4835.1835174129, 4831.4897179343, 4831.4883059313, 53.123668670654
4835.1835174129, 4842.57111637, 4838.8773168914, 4838.8759070441, 61.671817779541
4842.57111637, 4849.958715327, 4846.2649158485, 4846.2635081503, 41.268199920654
4849.958715327, 4857.3463142841, 4853.6525148056, 4853.65110925, 55.973892211914
4857.3463142841, 4864.7339132412, 4861.0401137627, 4861.0387103432, 63.329135894775
4864.7339132412, 4872.1215121983, 4868.4277127198, 4868.4263114299, 69.78840637207
4872.1215121983, 4879.5091111554, 4875.8153116768, 4875.8139125102, 72.714111328125
4879.5091111554, 4886.8967101125, 4883.2029106339, 4883.201513584, 68.666107177734
4886.8967101125, 4894.2843090696, 4890.590509591, 4890.5891146514, 65.502471923828
4894.2843090696, 4901.6719080267, 4897.9781085481, 4897.9767157125, 57.859539031982
4901.6719080267, 4909.0595069837, 4905.3657075052, 4905.3643167672, 73.99284362793
4909.0595069837, 4916.4471059408, 4912.7533064623, 4912.7519178157, 73.942642211914
4916.4471059408, 4923.8347048979, 4920.1409054194, 4920.1395188578, 68.600151062012
4923.8347048979, 4931.222303855, 4927.5285043765, 4927.5271198937, 75.061660766602
4931.222303855, 4938.6099028121, 4934.9161033335, 4934.9147209234, 70.070259094238
4938.6099028121, 4945.9975017692, 4942.3037022906, 4942.3023219468, 62.711292266846
4945.9975017692, 4953.3851007263, 4949.6913012477, 4949.6899229641, 47.683441162109
4953.3851007263, 4960.7726996833, 4957.0789002048, 4957.0775239753, 67.36580657959
4960.7726996833, 4968.1602986404, 4964.4664991619, 4964.4651249803, 67.915000915527
4968.1602986404, 4975.5478975975, 4971.854098119, 4971.8527259793, 63.686557769775
4975.5478975975, 4982.9354965546, 4979.2416970761, 4979.2403269722, 65.005966186523
4982.9354965546, 4990.3230955117, 4986.6292960331, 4986.6279279591, 66.681083679199
4990.3230955117, 4997.7106944688, 4994.0168949902, 4994.0155289399, 60.437854766846
4997.7106944688, 5005.0982934259, 5001.4044939473, 5001.4031299148, 64.11555480957
5005.0982934259, 5012.4858923829, 5008.7920929044, 5008.7907308838, 63.712047576904
