Sample 1_Frequency [Hz]	Sound Pressure Level at Material Surface [dB]	
3,000000E+2	1,005259E+2
3,015625E+2	1,005179E+2
3,031250E+2	1,005098E+2
3,046875E+2	1,004159E+2
3,062500E+2	1,003210E+2
3,078125E+2	1,002129E+2
3,093750E+2	1,001034E+2
3,109375E+2	1,000900E+2
3,125000E+2	1,000765E+2
3,140625E+2	1,000591E+2
3,156250E+2	1,000417E+2
3,171875E+2	1,000246E+2
3,187500E+2	1,000075E+2
3,203125E+2	9,999244E+1
3,218750E+2	9,997732E+1
3,234375E+2	9,997838E+1
3,250000E+2	9,997945E+1
3,265625E+2	9,996451E+1
3,281250E+2	9,994956E+1
3,296875E+2	9,995165E+1
3,312500E+2	9,995375E+1
3,328125E+2	9,997462E+1
3,343750E+2	9,999545E+1
3,359375E+2	1,000194E+2
3,375000E+2	1,000433E+2
3,390625E+2	1,000429E+2
3,406250E+2	1,000426E+2
3,421875E+2	1,000086E+2
3,437500E+2	9,997441E+1
3,453125E+2	9,989730E+1
3,468750E+2	9,981949E+1
3,484375E+2	9,970162E+1
3,500000E+2	9,958212E+1
3,515625E+2	9,941180E+1
3,531250E+2	9,923808E+1
3,546875E+2	9,904678E+1
3,562500E+2	9,885117E+1
3,578125E+2	9,866616E+1
3,593750E+2	9,847713E+1
3,609375E+2	9,831535E+1
3,625000E+2	9,815051E+1
3,640625E+2	9,873152E+1
3,656250E+2	9,927609E+1
3,671875E+2	9,944420E+1
3,687500E+2	9,960911E+1
3,703125E+2	9,971963E+1
3,718750E+2	9,982876E+1
3,734375E+2	9,988762E+1
3,750000E+2	9,994608E+1
3,765625E+2	9,995608E+1
3,781250E+2	9,996608E+1
3,796875E+2	9,993869E+1
3,812500E+2	9,991121E+1
3,828125E+2	9,987551E+1
3,843750E+2	9,983965E+1
3,859375E+2	9,987922E+1
3,875000E+2	9,991860E+1
3,890625E+2	1,000016E+2
3,906250E+2	1,000838E+2
3,921875E+2	1,001008E+2
3,937500E+2	1,001177E+2
3,953125E+2	1,000863E+2
3,968750E+2	1,000548E+2
3,984375E+2	1,000175E+2
4,000000E+2	9,998008E+1
4,015625E+2	1,000067E+2
4,031250E+2	1,000332E+2
4,046875E+2	1,000699E+2
4,062500E+2	1,001065E+2
4,078125E+2	1,000932E+2
4,093750E+2	1,000799E+2
4,109375E+2	1,000296E+2
4,125000E+2	9,997897E+1
4,140625E+2	9,992388E+1
4,156250E+2	9,986843E+1
4,171875E+2	9,992364E+1
4,187500E+2	9,997849E+1
4,203125E+2	1,000019E+2
4,218750E+2	1,000252E+2
4,234375E+2	1,000342E+2
4,250000E+2	1,000432E+2
4,265625E+2	1,000301E+2
4,281250E+2	1,000170E+2
4,296875E+2	9,999053E+1
4,312500E+2	9,996394E+1
4,328125E+2	9,998200E+1
4,343750E+2	1,000000E+2
4,359375E+2	1,000523E+2
4,375000E+2	1,001043E+2
4,390625E+2	1,001166E+2
4,406250E+2	1,001290E+2
4,421875E+2	1,001080E+2
4,437500E+2	1,000870E+2
4,453125E+2	1,000455E+2
4,468750E+2	1,000039E+2
4,484375E+2	9,995533E+1
4,500000E+2	9,990644E+1
4,515625E+2	9,987780E+1
4,531250E+2	9,984906E+1
4,546875E+2	9,990524E+1
4,562500E+2	9,996105E+1
4,578125E+2	1,000019E+2
4,593750E+2	1,000426E+2
4,609375E+2	1,000444E+2
4,625000E+2	1,000461E+2
4,640625E+2	1,000196E+2
4,656250E+2	9,999303E+1
4,671875E+2	9,996315E+1
4,687500E+2	9,993317E+1
4,703125E+2	9,994328E+1
4,718750E+2	9,995339E+1
4,734375E+2	9,996020E+1
4,750000E+2	9,996701E+1
4,765625E+2	9,996136E+1
4,781250E+2	9,995572E+1
4,796875E+2	9,995592E+1
4,812500E+2	9,995613E+1
4,828125E+2	9,996451E+1
4,843750E+2	9,997288E+1
4,859375E+2	9,998948E+1
4,875000E+2	1,000060E+2
4,890625E+2	1,000149E+2
4,906250E+2	1,000237E+2
4,921875E+2	1,000158E+2
4,937500E+2	1,000079E+2
4,953125E+2	9,999430E+1
4,968750E+2	9,998070E+1
4,984375E+2	9,997193E+1
5,000000E+2	9,996315E+1
5,015625E+2	9,997871E+1
5,031250E+2	9,999424E+1
5,046875E+2	1,000033E+2
5,062500E+2	1,000124E+2
5,078125E+2	1,000052E+2
5,093750E+2	9,999802E+1
5,109375E+2	9,998150E+1
5,125000E+2	9,996494E+1
5,140625E+2	9,995004E+1
5,156250E+2	9,993512E+1
5,171875E+2	9,993033E+1
5,187500E+2	9,992554E+1
5,203125E+2	9,992532E+1
5,218750E+2	9,992510E+1
5,234375E+2	9,992681E+1
5,250000E+2	9,992852E+1
5,265625E+2	9,992059E+1
5,281250E+2	9,991266E+1
5,296875E+2	9,990728E+1
5,312500E+2	9,990189E+1
5,328125E+2	9,993729E+1
5,343750E+2	9,997255E+1
5,359375E+2	1,000130E+2
5,375000E+2	1,000532E+2
5,390625E+2	1,000750E+2
5,406250E+2	1,000968E+2
5,421875E+2	1,000871E+2
5,437500E+2	1,000774E+2
5,453125E+2	1,000480E+2
5,468750E+2	1,000184E+2
5,484375E+2	9,999775E+1
5,500000E+2	9,997704E+1
5,515625E+2	9,997731E+1
5,531250E+2	9,997758E+1
5,546875E+2	9,997379E+1
5,562500E+2	9,996999E+1
5,578125E+2	9,997026E+1
5,593750E+2	9,997052E+1
5,609375E+2	9,998905E+1
5,625000E+2	1,000075E+2
5,640625E+2	1,000426E+2
5,656250E+2	1,000775E+2
5,671875E+2	1,000826E+2
5,687500E+2	1,000877E+2
5,703125E+2	1,000646E+2
5,718750E+2	1,000414E+2
5,734375E+2	1,000174E+2
5,750000E+2	9,999337E+1
5,765625E+2	9,998398E+1
5,781250E+2	9,997457E+1
5,796875E+2	9,998921E+1
5,812500E+2	1,000038E+2
5,828125E+2	1,000186E+2
5,843750E+2	1,000334E+2
5,859375E+2	1,000416E+2
5,875000E+2	1,000498E+2
5,890625E+2	1,000431E+2
5,906250E+2	1,000364E+2
5,921875E+2	1,000134E+2
5,937500E+2	9,999046E+1
5,953125E+2	9,998471E+1
5,968750E+2	9,997897E+1
5,984375E+2	9,997445E+1
6,000000E+2	9,996992E+1
6,015625E+2	9,999832E+1
6,031250E+2	1,000266E+2
6,046875E+2	1,000326E+2
6,062500E+2	1,000385E+2
6,078125E+2	1,000320E+2
6,093750E+2	1,000255E+2
6,109375E+2	1,000161E+2
6,125000E+2	1,000067E+2
6,140625E+2	1,000293E+2
6,156250E+2	1,000518E+2
6,171875E+2	1,000496E+2
6,187500E+2	1,000475E+2
6,203125E+2	1,000224E+2
6,218750E+2	9,999717E+1
6,234375E+2	9,996617E+1
6,250000E+2	9,993506E+1
6,265625E+2	9,994028E+1
6,281250E+2	9,994549E+1
6,296875E+2	9,993868E+1
6,312500E+2	9,993186E+1
6,328125E+2	9,994569E+1
6,343750E+2	9,995950E+1
6,359375E+2	9,998018E+1
6,375000E+2	1,000008E+2
6,390625E+2	9,999874E+1
6,406250E+2	9,999667E+1
6,421875E+2	9,999344E+1
6,437500E+2	9,999021E+1
6,453125E+2	9,998123E+1
6,468750E+2	9,997224E+1
6,484375E+2	9,996371E+1
6,500000E+2	9,995517E+1
6,515625E+2	9,994041E+1
6,531250E+2	9,992562E+1
6,546875E+2	9,990335E+1
6,562500E+2	9,988102E+1
6,578125E+2	9,987330E+1
6,593750E+2	9,986557E+1
6,609375E+2	9,990736E+1
6,625000E+2	9,994894E+1
6,640625E+2	9,995248E+1
6,656250E+2	9,995602E+1
6,671875E+2	9,992426E+1
6,687500E+2	9,989238E+1
6,703125E+2	9,984144E+1
6,718750E+2	9,979019E+1
6,734375E+2	9,977286E+1
6,750000E+2	9,975550E+1
6,765625E+2	9,980101E+1
6,781250E+2	9,984629E+1
6,796875E+2	9,990980E+1
6,812500E+2	9,997284E+1
6,828125E+2	9,997610E+1
6,843750E+2	9,997935E+1
6,859375E+2	9,992731E+1
6,875000E+2	9,987495E+1
6,890625E+2	9,967028E+1
6,906250E+2	9,946068E+1
6,921875E+2	9,951410E+1
6,937500E+2	9,956719E+1
6,953125E+2	9,968680E+1
6,968750E+2	9,980479E+1
6,984375E+2	9,989461E+1
7,000000E+2	9,998351E+1
7,015625E+2	1,000338E+2
7,031250E+2	1,000838E+2
7,046875E+2	1,001144E+2
7,062500E+2	1,001450E+2
7,078125E+2	1,001174E+2
7,093750E+2	1,000897E+2
7,109375E+2	1,000450E+2
7,125000E+2	1,000001E+2
7,140625E+2	1,000175E+2
7,156250E+2	1,000348E+2
7,171875E+2	1,000527E+2
7,187500E+2	1,000706E+2
7,203125E+2	1,000757E+2
7,218750E+2	1,000807E+2
7,234375E+2	1,000651E+2
7,250000E+2	1,000493E+2
7,265625E+2	1,000323E+2
7,281250E+2	1,000152E+2
7,296875E+2	9,999485E+1
7,312500E+2	9,997450E+1
7,328125E+2	9,994171E+1
7,343750E+2	9,990879E+1
7,359375E+2	9,991063E+1
7,375000E+2	9,991246E+1
7,390625E+2	9,992898E+1
7,406250E+2	9,994547E+1
7,421875E+2	9,997028E+1
7,437500E+2	9,999501E+1
7,453125E+2	1,000037E+2
7,468750E+2	1,000124E+2
7,484375E+2	1,000046E+2
7,500000E+2	9,999670E+1
7,515625E+2	9,998580E+1
7,531250E+2	9,997489E+1
7,546875E+2	9,996196E+1
7,562500E+2	9,994901E+1
7,578125E+2	9,995927E+1
7,593750E+2	9,996952E+1
7,609375E+2	9,998431E+1
7,625000E+2	9,999908E+1
7,640625E+2	9,999790E+1
7,656250E+2	9,999671E+1
7,671875E+2	9,998896E+1
7,687500E+2	9,998120E+1
7,703125E+2	9,999616E+1
7,718750E+2	1,000111E+2
7,734375E+2	1,000260E+2
7,750000E+2	1,000409E+2
7,765625E+2	1,000415E+2
7,781250E+2	1,000421E+2
7,796875E+2	1,000248E+2
7,812500E+2	1,000074E+2
7,828125E+2	9,998994E+1
7,843750E+2	9,997245E+1
7,859375E+2	9,996416E+1
7,875000E+2	9,995586E+1
7,890625E+2	9,994301E+1
7,906250E+2	9,993014E+1
7,921875E+2	9,991747E+1
7,937500E+2	9,990478E+1
7,953125E+2	9,991224E+1
7,968750E+2	9,991969E+1
7,984375E+2	9,995571E+1
8,000000E+2	9,999159E+1
8,015625E+2	1,000133E+2
8,031250E+2	1,000350E+2
8,046875E+2	1,000303E+2
8,062500E+2	1,000257E+2
8,078125E+2	9,997650E+1
8,093750E+2	9,992697E+1
8,109375E+2	9,993015E+1
8,125000E+2	9,993333E+1
8,140625E+2	9,996751E+1
8,156250E+2	1,000016E+2
8,171875E+2	1,000226E+2
8,187500E+2	1,000436E+2
8,203125E+2	1,000386E+2
8,218750E+2	1,000336E+2
8,234375E+2	1,000137E+2
8,250000E+2	9,999382E+1
8,265625E+2	9,999221E+1
8,281250E+2	9,999059E+1
8,296875E+2	9,999219E+1
8,312500E+2	9,999379E+1
8,328125E+2	9,999562E+1
8,343750E+2	9,999745E+1
8,359375E+2	9,999822E+1
8,375000E+2	9,999900E+1
8,390625E+2	9,998632E+1
8,406250E+2	9,997363E+1
8,421875E+2	9,994907E+1
8,437500E+2	9,992444E+1
8,453125E+2	9,992604E+1
8,468750E+2	9,992764E+1
8,484375E+2	9,995972E+1
8,500000E+2	9,999168E+1
8,515625E+2	1,000321E+2
8,531250E+2	1,000724E+2
8,546875E+2	1,000937E+2
8,562500E+2	1,001150E+2
8,578125E+2	1,001072E+2
8,593750E+2	1,000994E+2
8,609375E+2	1,000541E+2
8,625000E+2	1,000085E+2
8,640625E+2	9,994476E+1
8,656250E+2	9,988057E+1
8,671875E+2	9,983140E+1
8,687500E+2	9,978196E+1
8,703125E+2	9,967829E+1
8,718750E+2	9,957336E+1
8,734375E+2	9,974445E+1
8,750000E+2	9,991224E+1
8,765625E+2	1,000693E+2
8,781250E+2	1,002235E+2
8,796875E+2	1,003176E+2
8,812500E+2	1,004108E+2
8,828125E+2	9,991621E+1
8,843750E+2	9,939180E+1
8,859375E+2	9,965484E+1
8,875000E+2	9,991015E+1
8,890625E+2	1,001203E+2
8,906250E+2	1,003255E+2
8,921875E+2	1,004681E+2
8,937500E+2	1,006084E+2
8,953125E+2	1,006924E+2
8,968750E+2	1,007755E+2
8,984375E+2	1,008166E+2
9,000000E+2	1,008576E+2
9,015625E+2	1,008397E+2
9,031250E+2	1,008217E+2
9,046875E+2	1,006817E+2
9,062500E+2	1,005393E+2
9,078125E+2	1,001742E+2
9,093750E+2	9,979301E+1
9,109375E+2	9,944399E+1
9,125000E+2	9,908036E+1
9,140625E+2	9,828800E+1
9,156250E+2	9,741604E+1
9,171875E+2	9,779161E+1
9,187500E+2	9,815161E+1
9,203125E+2	9,858263E+1
9,218750E+2	9,899327E+1
9,234375E+2	9,935262E+1
9,250000E+2	9,969770E+1
9,265625E+2	9,998393E+1
9,281250E+2	1,002610E+2
9,296875E+2	1,004640E+2
9,312500E+2	1,006624E+2
9,328125E+2	1,007772E+2
9,343750E+2	1,008906E+2
9,359375E+2	1,009045E+2
9,375000E+2	1,009185E+2
9,390625E+2	1,007399E+2
9,406250E+2	1,005576E+2
9,421875E+2	1,003247E+2
9,437500E+2	1,000854E+2
9,453125E+2	1,000240E+2
9,468750E+2	9,996222E+1
9,484375E+2	9,995726E+1
9,500000E+2	9,995230E+1
9,515625E+2	9,996810E+1
9,531250E+2	9,998387E+1
9,546875E+2	9,995935E+1
9,562500E+2	9,993477E+1
9,578125E+2	9,988193E+1
9,593750E+2	9,982876E+1
9,609375E+2	9,973247E+1
9,625000E+2	9,963510E+1
9,640625E+2	9,948469E+1
9,656250E+2	9,933162E+1
9,671875E+2	9,912925E+1
9,687500E+2	9,892205E+1
9,703125E+2	9,863770E+1
9,718750E+2	9,834372E+1
9,734375E+2	9,793270E+1
9,750000E+2	9,750125E+1
9,765625E+2	9,753987E+1
9,781250E+2	9,757832E+1
9,796875E+2	9,754195E+1
9,812500E+2	9,750543E+1
9,828125E+2	9,741972E+1
9,843750E+2	9,733316E+1
9,859375E+2	9,719437E+1
9,875000E+2	9,705332E+1
9,890625E+2	9,685598E+1
9,906250E+2	9,665406E+1
9,921875E+2	9,639280E+1
9,937500E+2	9,612343E+1
9,953125E+2	9,582153E+1
9,968750E+2	9,550877E+1
9,984375E+2	9,802395E+1
1,000000E+3	9,997199E+1
1,001562E+3	9,998518E+1
1,003125E+3	9,999836E+1
1,004687E+3	9,995397E+1
1,006250E+3	9,990935E+1
1,007812E+3	9,980459E+1
1,009375E+3	9,969855E+1
1,010937E+3	9,953382E+1
1,012500E+3	9,936591E+1
1,014062E+3	9,913800E+1
1,015625E+3	9,890394E+1
1,017187E+3	9,860744E+1
1,018750E+3	9,830045E+1
1,020312E+3	9,793190E+1
1,021875E+3	9,754701E+1
1,023437E+3	1,004088E+2
1,025000E+3	1,025577E+2
1,026562E+3	1,026683E+2
1,028125E+3	1,027775E+2
1,029687E+3	1,028182E+2
1,031250E+3	1,028588E+2
1,032812E+3	1,028292E+2
1,034375E+3	1,027994E+2
1,035937E+3	1,027045E+2
1,037500E+3	1,026086E+2
1,039062E+3	1,024449E+2
1,040625E+3	1,022782E+2
1,042187E+3	1,020439E+2
1,043750E+3	1,018031E+2
1,045312E+3	1,014941E+2
1,046875E+3	1,011737E+2
1,048437E+3	1,007855E+2
1,050000E+3	1,003791E+2
1,051562E+3	9,990677E+1
1,053125E+3	9,940721E+1
1,054687E+3	9,884152E+1
1,056250E+3	9,823641E+1
1,057812E+3	9,870022E+1
1,059375E+3	9,914051E+1
1,060937E+3	9,965778E+1
1,062500E+3	1,001460E+2
1,064062E+3	1,001382E+2
1,065625E+3	1,001305E+2
1,067187E+3	1,000733E+2
1,068750E+3	1,000157E+2
1,070312E+3	9,998655E+1
1,071875E+3	9,995727E+1
1,073437E+3	9,997014E+1
1,075000E+3	9,998299E+1
1,076562E+3	9,995299E+1
1,078125E+3	9,992290E+1
1,079687E+3	9,985153E+1
1,081250E+3	9,977957E+1
1,082812E+3	9,971630E+1
1,084375E+3	9,965256E+1
1,085937E+3	9,971427E+1
1,087500E+3	9,977555E+1
1,089062E+3	9,997306E+1
1,090625E+3	1,001662E+2
1,092187E+3	1,002005E+2
1,093750E+3	1,002346E+2
1,095312E+3	1,002105E+2
1,096875E+3	1,001863E+2
1,098437E+3	1,001293E+2
1,100000E+3	1,000720E+2
1,101562E+3	1,000205E+2
1,103125E+3	9,996877E+1
1,104687E+3	9,994508E+1
1,106250E+3	9,992133E+1
1,107812E+3	9,991355E+1
1,109375E+3	9,990577E+1
1,110937E+3	9,991898E+1
1,112500E+3	9,993216E+1
1,114062E+3	9,998195E+1
1,115625E+3	1,000315E+2
1,117187E+3	1,000621E+2
1,118750E+3	1,000926E+2
1,120312E+3	1,000687E+2
1,121875E+3	1,000449E+2
1,123437E+3	1,000095E+2
1,125000E+3	9,997407E+1
1,126562E+3	9,997297E+1
1,128125E+3	9,997187E+1
1,129687E+3	9,999028E+1
1,131250E+3	1,000087E+2
1,132812E+3	9,999904E+1
1,134375E+3	9,998940E+1
1,135937E+3	9,997983E+1
1,137500E+3	9,997025E+1
1,139062E+3	9,997558E+1
1,140625E+3	9,998090E+1
1,142187E+3	1,000031E+2
1,143750E+3	1,000251E+2
1,145312E+3	1,000465E+2
1,146875E+3	1,000678E+2
1,148437E+3	1,000669E+2
1,150000E+3	1,000659E+2
1,151562E+3	1,000487E+2
1,153125E+3	1,000315E+2
1,154687E+3	9,999971E+1
1,156250E+3	9,996784E+1
1,157812E+3	9,993761E+1
1,159375E+3	9,990728E+1
1,160937E+3	9,988193E+1
1,162500E+3	9,985650E+1
1,164062E+3	9,982036E+1
1,165625E+3	9,978407E+1
1,167187E+3	9,970604E+1
1,168750E+3	9,962731E+1
1,170312E+3	9,950709E+1
1,171875E+3	9,938518E+1
1,173437E+3	9,990755E+1
1,175000E+3	1,004003E+2
1,176562E+3	1,004629E+2
1,178125E+3	1,005251E+2
1,179687E+3	1,004747E+2
1,181250E+3	1,004241E+2
1,182812E+3	1,003008E+2
1,184375E+3	1,001758E+2
1,185937E+3	9,993264E+1
1,187500E+3	9,968247E+1
1,189062E+3	9,978932E+1
1,190625E+3	9,989486E+1
1,192187E+3	9,995190E+1
1,193750E+3	1,000086E+2
1,195312E+3	1,000294E+2
1,196875E+3	1,000501E+2
1,198437E+3	1,000696E+2
1,200000E+3	1,000891E+2
1,201562E+3	1,000826E+2
1,203125E+3	1,000761E+2
1,204687E+3	1,000447E+2
1,206250E+3	1,000133E+2
1,207812E+3	9,999790E+1
1,209375E+3	9,998249E+1
1,210937E+3	9,997261E+1
1,212500E+3	9,996272E+1
1,214062E+3	9,995872E+1
1,215625E+3	9,995471E+1
1,217187E+3	9,994958E+1
1,218750E+3	9,994445E+1
1,220312E+3	9,994652E+1
1,221875E+3	9,994859E+1
1,223437E+3	9,994913E+1
1,225000E+3	9,994966E+1
1,226562E+3	9,995021E+1
1,228125E+3	9,995077E+1
1,229687E+3	9,994980E+1
1,231250E+3	9,994883E+1
1,232812E+3	9,995520E+1
1,234375E+3	9,996157E+1
1,235937E+3	9,996836E+1
1,237500E+3	9,997515E+1
1,239062E+3	9,998018E+1
1,240625E+3	9,998520E+1
1,242187E+3	9,998760E+1
1,243750E+3	9,999001E+1
1,245312E+3	9,999339E+1
1,246875E+3	9,999677E+1
1,248437E+3	1,000139E+2
1,250000E+3	1,000310E+2
1,251562E+3	1,000464E+2
1,253125E+3	1,000618E+2
1,254687E+3	1,000597E+2
1,256250E+3	1,000577E+2
1,257812E+3	1,000349E+2
1,259375E+3	1,000121E+2
1,260937E+3	9,998880E+1
1,262500E+3	9,996545E+1
1,264062E+3	9,995397E+1
1,265625E+3	9,994248E+1
1,267187E+3	9,994172E+1
1,268750E+3	9,994097E+1
1,270312E+3	9,993968E+1
1,271875E+3	9,993840E+1
1,273437E+3	9,995157E+1
1,275000E+3	9,996473E+1
1,276562E+3	9,997815E+1
1,278125E+3	9,999155E+1
1,279687E+3	9,998730E+1
1,281250E+3	9,998305E+1
1,282812E+3	9,996800E+1
1,284375E+3	9,995292E+1
1,285937E+3	9,995112E+1
1,287500E+3	9,994933E+1
1,289062E+3	9,996017E+1
1,290625E+3	9,997100E+1
1,292187E+3	9,997706E+1
1,293750E+3	9,998312E+1
1,295312E+3	9,999059E+1
1,296875E+3	9,999804E+1
1,298437E+3	1,000060E+2
1,300000E+3	1,000140E+2
1,301562E+3	1,000166E+2
1,303125E+3	1,000192E+2
1,304687E+3	1,000199E+2
1,306250E+3	1,000206E+2
1,307812E+3	1,000120E+2
1,309375E+3	1,000034E+2
1,310937E+3	9,999614E+1
1,312500E+3	9,998885E+1
1,314062E+3	9,999043E+1
1,315625E+3	9,999201E+1
1,317187E+3	9,998998E+1
1,318750E+3	9,998795E+1
1,320312E+3	9,997911E+1
1,321875E+3	9,997026E+1
1,323437E+3	9,996491E+1
1,325000E+3	9,995956E+1
1,326562E+3	9,996411E+1
1,328125E+3	9,996866E+1
1,329687E+3	9,997235E+1
1,331250E+3	9,997604E+1
1,332812E+3	9,997820E+1
1,334375E+3	9,998035E+1
1,335937E+3	9,998720E+1
1,337500E+3	9,999403E+1
1,339062E+3	9,999762E+1
1,340625E+3	1,000012E+2
1,342187E+3	9,999733E+1
1,343750E+3	9,999346E+1
1,345312E+3	1,000195E+2
1,346875E+3	1,000455E+2
1,348437E+3	1,000921E+2
1,350000E+3	1,001385E+2
1,351562E+3	1,001257E+2
1,353125E+3	1,001128E+2
1,354687E+3	1,001285E+2
1,356250E+3	1,001441E+2
1,357812E+3	1,001273E+2
1,359375E+3	1,001105E+2
1,360937E+3	1,000923E+2
1,362500E+3	1,000740E+2
1,364062E+3	1,000782E+2
1,365625E+3	1,000824E+2
1,367187E+3	1,000719E+2
1,368750E+3	1,000613E+2
1,370312E+3	1,000394E+2
1,371875E+3	1,000175E+2
1,373437E+3	9,999462E+1
1,375000E+3	9,997168E+1
1,376562E+3	9,997911E+1
1,378125E+3	9,998654E+1
1,379687E+3	1,000031E+2
1,381250E+3	1,000197E+2
1,382812E+3	1,000211E+2
1,384375E+3	1,000224E+2
1,385937E+3	1,000171E+2
1,387500E+3	1,000118E+2
1,389062E+3	1,000026E+2
1,390625E+3	9,999335E+1
1,392187E+3	9,996723E+1
1,393750E+3	9,994104E+1
1,395312E+3	9,991041E+1
1,396875E+3	9,987967E+1
1,398437E+3	9,988994E+1
1,400000E+3	9,990020E+1
1,401562E+3	9,992747E+1
1,403125E+3	9,995465E+1
1,404687E+3	9,995964E+1
1,406250E+3	9,996462E+1
1,407812E+3	9,996207E+1
1,409375E+3	9,995951E+1
1,410937E+3	9,995753E+1
1,412500E+3	9,995555E+1
1,414062E+3	9,996240E+1
1,415625E+3	9,996924E+1
1,417187E+3	9,996911E+1
1,418750E+3	9,996898E+1
1,420312E+3	9,997821E+1
1,421875E+3	9,998743E+1
1,423437E+3	1,000003E+2
1,425000E+3	1,000131E+2
1,426562E+3	1,000137E+2
1,428125E+3	1,000143E+2
1,429687E+3	1,000120E+2
1,431250E+3	1,000096E+2
1,432812E+3	9,999943E+1
1,434375E+3	9,998925E+1
1,435937E+3	9,998628E+1
1,437500E+3	9,998332E+1
1,439062E+3	9,997191E+1
1,440625E+3	9,996048E+1
1,442187E+3	9,995178E+1
1,443750E+3	9,994306E+1
1,445312E+3	9,995453E+1
1,446875E+3	9,996599E+1
1,448437E+3	9,998971E+1
1,450000E+3	1,000134E+2
1,451562E+3	1,000147E+2
1,453125E+3	1,000160E+2
1,454687E+3	9,999680E+1
1,456250E+3	9,997754E+1
1,457812E+3	9,996508E+1
1,459375E+3	9,995259E+1
1,460937E+3	9,992634E+1
1,462500E+3	9,990001E+1
1,464062E+3	9,942490E+1
1,465625E+3	9,892228E+1
1,467187E+3	9,943078E+1
1,468750E+3	9,991116E+1
1,470312E+3	1,003272E+2
1,471875E+3	1,007242E+2
1,473437E+3	1,010540E+2
1,475000E+3	1,013717E+2
1,476562E+3	1,016188E+2
1,478125E+3	1,018591E+2
1,479687E+3	1,020396E+2
1,481250E+3	1,022164E+2
1,482812E+3	1,023296E+2
1,484375E+3	1,024412E+2
1,485937E+3	1,024920E+2
1,487500E+3	1,025425E+2
1,489062E+3	1,025297E+2
1,490625E+3	1,025169E+2
1,492187E+3	9,982387E+1
1,493750E+3	9,589991E+1
1,495312E+3	9,652161E+1
1,496875E+3	9,710177E+1
1,498437E+3	9,764976E+1
1,500000E+3	9,816523E+1
1,501562E+3	9,862610E+1
1,503125E+3	9,906375E+1
1,504687E+3	9,943551E+1
1,506250E+3	9,979202E+1
1,507812E+3	1,000689E+2
1,509375E+3	1,003371E+2
1,510937E+3	1,005016E+2
1,512500E+3	1,006631E+2
1,514062E+3	1,006988E+2
1,515625E+3	1,007344E+2
1,517187E+3	1,006087E+2
1,518750E+3	1,004812E+2
1,520312E+3	1,002745E+2
1,521875E+3	1,000629E+2
1,523437E+3	9,996620E+1
1,525000E+3	9,986844E+1
1,526562E+3	9,981644E+1
1,528125E+3	9,976413E+1
1,529687E+3	9,973625E+1
1,531250E+3	9,970828E+1
1,532812E+3	9,966002E+1
1,534375E+3	9,961150E+1
1,535937E+3	9,955935E+1
1,537500E+3	9,950689E+1
1,539062E+3	9,939243E+1
1,540625E+3	9,927644E+1
1,542187E+3	9,912983E+1
1,543750E+3	9,898069E+1
1,545312E+3	9,886099E+1
1,546875E+3	9,873961E+1
1,548437E+3	9,945904E+1
1,550000E+3	1,001234E+2
1,551562E+3	1,003517E+2
1,553125E+3	1,005741E+2
1,554687E+3	1,006179E+2
1,556250E+3	1,006615E+2
1,557812E+3	1,006573E+2
1,559375E+3	1,006530E+2
1,560937E+3	1,006206E+2
1,562500E+3	1,005880E+2
1,564062E+3	1,005328E+2
1,565625E+3	1,004773E+2
1,567187E+3	1,003964E+2
1,568750E+3	1,003148E+2
1,570312E+3	1,001924E+2
1,571875E+3	1,000683E+2
1,573437E+3	9,989867E+1
1,575000E+3	9,972563E+1
1,576562E+3	9,950206E+1
1,578125E+3	9,927259E+1
1,579687E+3	9,900018E+1
1,581250E+3	9,871895E+1
1,582812E+3	9,841316E+1
1,584375E+3	9,809622E+1
1,585937E+3	9,777765E+1
1,587500E+3	9,744696E+1
1,589062E+3	9,711394E+1
1,590625E+3	9,676764E+1
1,592187E+3	9,645685E+1
1,593750E+3	9,613452E+1
1,595312E+3	9,892265E+1
1,596875E+3	1,010300E+2
1,598437E+3	1,011675E+2
1,600000E+3	1,013030E+2
1,601562E+3	1,013711E+2
1,603125E+3	1,014387E+2
1,604687E+3	1,014386E+2
1,606250E+3	1,014386E+2
1,607812E+3	1,013728E+2
1,609375E+3	1,013066E+2
1,610937E+3	1,011707E+2
1,612500E+3	1,010328E+2
1,614062E+3	1,008271E+2
1,615625E+3	1,006164E+2
1,617187E+3	1,003364E+2
1,618750E+3	1,000472E+2
1,620312E+3	9,969302E+1
1,621875E+3	9,932382E+1
1,623437E+3	9,968257E+1
1,625000E+3	1,000271E+2
1,626562E+3	1,000220E+2
1,628125E+3	1,000170E+2
1,629687E+3	1,000091E+2
1,631250E+3	1,000012E+2
1,632812E+3	9,999496E+1
1,634375E+3	9,998870E+1
1,635937E+3	9,998483E+1
1,637500E+3	9,998096E+1
1,639062E+3	9,998053E+1
1,640625E+3	9,998010E+1
1,642187E+3	9,998243E+1
1,643750E+3	9,998475E+1
1,645312E+3	9,999419E+1
1,646875E+3	1,000036E+2
1,648437E+3	1,000081E+2
1,650000E+3	1,000126E+2
1,651562E+3	1,000113E+2
1,653125E+3	1,000099E+2
1,654687E+3	9,999805E+1
1,656250E+3	9,998620E+1
1,657812E+3	9,998248E+1
1,659375E+3	9,997875E+1
1,660937E+3	9,998449E+1
1,662500E+3	9,999023E+1
1,664062E+3	9,999479E+1
1,665625E+3	9,999935E+1
1,667187E+3	9,999621E+1
1,668750E+3	9,999307E+1
1,670312E+3	9,998504E+1
1,671875E+3	9,997699E+1
1,673437E+3	9,997513E+1
1,675000E+3	9,997327E+1
1,676562E+3	9,997825E+1
1,678125E+3	9,998322E+1
1,679687E+3	9,998987E+1
1,681250E+3	9,999651E+1
1,682812E+3	1,000060E+2
1,684375E+3	1,000155E+2
1,685937E+3	1,000165E+2
1,687500E+3	1,000175E+2
1,689062E+3	1,000229E+2
1,690625E+3	1,000282E+2
1,692187E+3	1,000249E+2
1,693750E+3	1,000216E+2
1,695312E+3	1,000096E+2
1,696875E+3	9,999745E+1
1,698437E+3	9,998311E+1
1,700000E+3	9,996875E+1
1,701562E+3	9,996368E+1
1,703125E+3	9,995862E+1
1,704687E+3	9,995930E+1
1,706250E+3	9,995998E+1
1,707812E+3	9,996920E+1
1,709375E+3	9,997842E+1
1,710937E+3	9,999960E+1
1,712500E+3	1,000207E+2
1,714062E+3	1,000278E+2
1,715625E+3	1,000349E+2
1,717187E+3	1,000262E+2
1,718750E+3	1,000176E+2
1,720312E+3	9,999786E+1
1,721875E+3	9,997808E+1
1,723437E+3	9,996075E+1
1,725000E+3	9,994337E+1
1,726562E+3	9,994546E+1
1,728125E+3	9,994754E+1
1,729687E+3	9,996396E+1
1,731250E+3	9,998035E+1
1,732812E+3	9,999527E+1
1,734375E+3	1,000102E+2
1,735937E+3	1,000069E+2
1,737500E+3	1,000036E+2
1,739062E+3	9,999192E+1
1,740625E+3	9,998022E+1
1,742187E+3	9,997777E+1
1,743750E+3	9,997531E+1
1,745312E+3	9,998625E+1
1,746875E+3	9,999719E+1
1,748437E+3	9,999871E+1
1,750000E+3	1,000002E+2
1,751562E+3	9,999354E+1
1,753125E+3	9,998685E+1
1,754687E+3	9,998796E+1
1,756250E+3	9,998907E+1
1,757812E+3	1,000002E+2
1,759375E+3	1,000113E+2
1,760937E+3	1,000119E+2
1,762500E+3	1,000124E+2
1,764062E+3	1,000030E+2
1,765625E+3	9,999348E+1
1,767187E+3	9,997671E+1
1,768750E+3	9,995991E+1
1,770312E+3	9,994590E+1
1,771875E+3	9,993186E+1
1,773437E+3	9,992903E+1
1,775000E+3	9,992620E+1
1,776562E+3	9,993382E+1
1,778125E+3	9,994143E+1
1,779687E+3	9,996252E+1
1,781250E+3	9,998355E+1
1,782812E+3	1,000045E+2
1,784375E+3	1,000254E+2
1,785937E+3	1,000323E+2
1,787500E+3	1,000392E+2
1,789062E+3	1,000335E+2
1,790625E+3	1,000278E+2
1,792187E+3	1,000212E+2
1,793750E+3	1,000145E+2
1,795312E+3	1,000103E+2
1,796875E+3	1,000061E+2
1,798437E+3	1,000027E+2
1,800000E+3	9,999935E+1
1,801562E+3	9,999522E+1
1,803125E+3	9,999109E+1
1,804687E+3	9,998375E+1
1,806250E+3	9,997641E+1
1,807812E+3	9,997919E+1
1,809375E+3	9,998197E+1
1,810937E+3	9,999789E+1
1,812500E+3	1,000138E+2
1,814062E+3	1,000096E+2
1,815625E+3	1,000054E+2
1,817187E+3	9,999557E+1
1,818750E+3	9,998571E+1
1,820312E+3	9,997991E+1
1,821875E+3	9,997411E+1
1,823437E+3	9,997896E+1
1,825000E+3	9,998381E+1
1,826562E+3	9,998726E+1
1,828125E+3	9,999070E+1
1,829687E+3	9,999332E+1
1,831250E+3	9,999593E+1
1,832812E+3	9,999580E+1
1,834375E+3	9,999567E+1
1,835937E+3	9,999429E+1
1,837500E+3	9,999291E+1
1,839062E+3	9,999007E+1
1,840625E+3	9,998724E+1
1,842187E+3	9,998107E+1
1,843750E+3	9,997491E+1
1,845312E+3	9,997170E+1
1,846875E+3	9,996849E+1
1,848437E+3	9,997364E+1
1,850000E+3	9,997879E+1
1,851562E+3	9,998581E+1
1,853125E+3	9,999282E+1
1,854687E+3	1,000002E+2
1,856250E+3	1,000076E+2
1,857812E+3	1,000123E+2
1,859375E+3	1,000171E+2
1,860937E+3	1,000201E+2
1,862500E+3	1,000232E+2
1,864062E+3	1,000302E+2
1,865625E+3	1,000373E+2
1,867187E+3	1,000418E+2
1,868750E+3	1,000464E+2
1,870312E+3	1,000419E+2
1,871875E+3	1,000374E+2
1,873437E+3	1,000271E+2
1,875000E+3	1,000169E+2
1,876562E+3	1,000068E+2
1,878125E+3	9,999663E+1
1,879687E+3	9,999341E+1
1,881250E+3	9,999020E+1
1,882812E+3	9,998949E+1
1,884375E+3	9,998878E+1
1,885937E+3	9,998766E+1
1,887500E+3	9,998655E+1
1,889062E+3	9,998516E+1
1,890625E+3	9,998378E+1
1,892187E+3	9,998020E+1
1,893750E+3	9,997661E+1
1,895312E+3	9,997069E+1
1,896875E+3	9,996476E+1
1,898437E+3	9,996243E+1
1,900000E+3	9,996010E+1
1,901562E+3	9,996819E+1
1,903125E+3	9,997628E+1
1,904687E+3	9,998301E+1
1,906250E+3	9,998973E+1
1,907812E+3	9,999296E+1
1,909375E+3	9,999620E+1
1,910937E+3	9,999381E+1
1,912500E+3	9,999142E+1
1,914062E+3	9,999372E+1
1,915625E+3	9,999602E+1
1,917187E+3	1,000044E+2
1,918750E+3	1,000128E+2
1,920312E+3	1,000188E+2
1,921875E+3	1,000249E+2
1,923437E+3	1,000288E+2
1,925000E+3	1,000328E+2
1,926562E+3	1,000334E+2
1,928125E+3	1,000339E+2
1,929687E+3	1,000256E+2
1,931250E+3	1,000173E+2
1,932812E+3	1,000020E+2
1,934375E+3	9,998662E+1
1,935937E+3	9,997238E+1
1,937500E+3	9,995811E+1
1,939062E+3	9,995471E+1
1,940625E+3	9,995131E+1
1,942187E+3	9,995708E+1
1,943750E+3	9,996284E+1
1,945312E+3	9,998661E+1
1,946875E+3	1,000103E+2
1,948437E+3	1,000355E+2
1,950000E+3	1,000605E+2
1,951562E+3	1,000674E+2
1,953125E+3	1,000743E+2
1,954687E+3	1,000568E+2
1,956250E+3	1,000392E+2
1,957812E+3	1,000054E+2
1,959375E+3	9,997153E+1
1,960937E+3	9,993820E+1
1,962500E+3	9,990474E+1
1,964062E+3	9,988744E+1
1,965625E+3	9,987010E+1
1,967187E+3	9,988309E+1
1,968750E+3	9,989605E+1
1,970312E+3	9,993298E+1
1,971875E+3	9,996975E+1
1,973437E+3	1,000040E+2
1,975000E+3	1,000380E+2
1,976562E+3	1,000490E+2
1,978125E+3	1,000599E+2
1,979687E+3	1,000492E+2
1,981250E+3	1,000385E+2
1,982812E+3	1,000235E+2
1,984375E+3	1,000085E+2
1,985937E+3	1,000151E+2
1,987500E+3	1,000217E+2
1,989062E+3	1,000325E+2
1,990625E+3	1,000434E+2
1,992187E+3	1,000395E+2
1,993750E+3	1,000356E+2
1,995312E+3	1,000214E+2
1,996875E+3	1,000072E+2
1,998437E+3	9,999714E+1
2,000000E+3	9,998711E+1
2,001562E+3	9,998423E+1
2,003125E+3	9,998136E+1
2,004687E+3	9,997795E+1
2,006250E+3	9,997453E+1
2,007812E+3	9,997443E+1
2,009375E+3	9,997432E+1
2,010937E+3	9,997654E+1
2,012500E+3	9,997877E+1
2,014062E+3	9,997473E+1
2,015625E+3	9,997070E+1
2,017187E+3	9,996819E+1
2,018750E+3	9,996568E+1
2,020312E+3	9,997100E+1
2,021875E+3	9,997632E+1
2,023437E+3	9,998722E+1
2,025000E+3	9,999811E+1
2,026562E+3	1,000058E+2
2,028125E+3	1,000135E+2
2,029687E+3	1,000133E+2
2,031250E+3	1,000132E+2
2,032812E+3	1,000107E+2
2,034375E+3	1,000082E+2
2,035937E+3	1,000058E+2
2,037500E+3	1,000035E+2
2,039062E+3	1,000077E+2
2,040625E+3	1,000120E+2
2,042187E+3	1,000136E+2
2,043750E+3	1,000152E+2
2,045312E+3	1,000134E+2
2,046875E+3	1,000117E+2
2,048437E+3	1,000077E+2
2,050000E+3	1,000037E+2
2,051562E+3	1,000027E+2
2,053125E+3	1,000017E+2
2,054687E+3	1,000071E+2
2,056250E+3	1,000125E+2
2,057812E+3	1,000124E+2
2,059375E+3	1,000123E+2
2,060937E+3	1,000036E+2
2,062500E+3	9,999492E+1
2,064062E+3	9,999370E+1
2,065625E+3	9,999248E+1
2,067187E+3	9,999823E+1
2,068750E+3	1,000040E+2
2,070312E+3	1,000172E+2
2,071875E+3	1,000303E+2
2,073437E+3	1,000411E+2
2,075000E+3	1,000519E+2
2,076562E+3	1,000600E+2
2,078125E+3	1,000681E+2
2,079687E+3	1,000720E+2
2,081250E+3	1,000759E+2
2,082812E+3	1,000694E+2
2,084375E+3	1,000629E+2
2,085937E+3	1,000522E+2
2,087500E+3	1,000414E+2
2,089062E+3	1,000619E+2
2,090625E+3	1,000823E+2
2,092187E+3	1,001427E+2
2,093750E+3	1,002026E+2
2,095312E+3	1,000267E+2
2,096875E+3	9,984708E+1
2,098437E+3	9,985523E+1
2,100000E+3	9,986338E+1
2,101562E+3	9,987099E+1
2,103125E+3	9,987859E+1
2,104687E+3	9,986984E+1
2,106250E+3	9,986108E+1
2,107812E+3	9,987456E+1
2,109375E+3	9,988802E+1
2,110937E+3	9,990998E+1
2,112500E+3	9,993188E+1
2,114062E+3	9,995091E+1
2,115625E+3	9,996989E+1
2,117187E+3	9,997302E+1
2,118750E+3	9,997614E+1
2,120312E+3	9,999660E+1
2,121875E+3	1,000170E+2
2,123437E+3	1,000597E+2
2,125000E+3	1,001023E+2
2,126562E+3	1,001265E+2
2,128125E+3	1,001507E+2
2,129687E+3	1,001305E+2
2,131250E+3	1,001103E+2
2,132812E+3	1,000427E+2
2,134375E+3	9,997466E+1
2,135937E+3	9,993531E+1
2,137500E+3	9,989578E+1
2,139062E+3	9,990404E+1
2,140625E+3	9,991229E+1
2,142187E+3	9,995841E+1
2,143750E+3	1,000043E+2
2,145312E+3	1,000451E+2
2,146875E+3	1,000858E+2
2,148437E+3	1,000685E+2
2,150000E+3	1,000512E+2
2,151562E+3	9,993639E+1
2,153125E+3	9,982006E+1
2,154687E+3	9,981951E+1
2,156250E+3	9,981895E+1
2,157812E+3	9,987852E+1
2,159375E+3	9,993768E+1
2,160937E+3	9,956698E+1
2,162500E+3	9,917975E+1
2,164062E+3	9,964768E+1
2,165625E+3	1,000917E+2
2,167187E+3	1,004635E+2
2,168750E+3	1,008201E+2
2,170312E+3	1,011036E+2
2,171875E+3	1,013781E+2
2,173437E+3	1,015801E+2
2,175000E+3	1,017776E+2
2,176562E+3	1,019045E+2
2,178125E+3	1,020297E+2
2,179687E+3	1,020932E+2
2,181250E+3	1,021562E+2
2,182812E+3	1,003702E+2
2,184375E+3	9,811929E+1
2,185937E+3	9,874235E+1
2,187500E+3	9,932369E+1
2,189062E+3	9,986468E+1
2,190625E+3	1,003739E+2
2,192187E+3	1,008549E+2
2,193750E+3	1,013106E+2
2,195312E+3	1,017183E+2
2,196875E+3	1,021077E+2
2,198437E+3	1,024433E+2
2,200000E+3	1,027665E+2
2,201562E+3	1,030322E+2
2,203125E+3	1,032901E+2
2,204687E+3	1,035071E+2
2,206250E+3	1,037189E+2
2,207812E+3	1,038909E+2
2,209375E+3	1,040594E+2
2,210937E+3	1,041738E+2
2,212500E+3	1,042866E+2
2,214062E+3	1,043438E+2
2,215625E+3	1,044005E+2
2,217187E+3	1,021505E+2
2,218750E+3	9,910573E+1
2,220312E+3	9,920527E+1
2,221875E+3	9,930368E+1
2,223437E+3	9,940569E+1
2,225000E+3	9,950652E+1
2,226562E+3	9,956962E+1
2,228125E+3	9,963226E+1
2,229687E+3	9,965811E+1
2,231250E+3	9,968389E+1
2,232812E+3	9,964132E+1
2,234375E+3	9,959855E+1
2,235937E+3	9,948601E+1
2,237500E+3	9,937199E+1
2,239062E+3	9,920722E+1
2,240625E+3	9,903926E+1
2,242187E+3	9,877603E+1
2,243750E+3	9,850457E+1
2,245312E+3	9,800783E+1
2,246875E+3	9,748095E+1
2,248437E+3	9,718225E+1
2,250000E+3	9,687292E+1
2,251562E+3	9,678357E+1
2,253125E+3	9,669328E+1
2,254687E+3	9,660094E+1
2,256250E+3	9,650761E+1
2,257812E+3	9,641192E+1
2,259375E+3	9,631516E+1
2,260937E+3	9,619591E+1
2,262500E+3	9,607500E+1
2,264062E+3	9,595316E+1
2,265625E+3	9,582959E+1
2,267187E+3	9,566999E+1
2,268750E+3	9,550740E+1
2,270312E+3	9,530014E+1
2,271875E+3	9,508782E+1
2,273437E+3	9,483532E+1
2,275000E+3	9,457527E+1
2,276562E+3	9,431017E+1
2,278125E+3	9,403673E+1
2,279687E+3	9,709515E+1
2,281250E+3	9,935260E+1
2,282812E+3	9,910509E+1
2,284375E+3	9,885031E+1
2,285937E+3	9,853093E+1
2,287500E+3	9,819936E+1
2,289062E+3	9,780429E+1
2,290625E+3	9,739041E+1
2,292187E+3	9,691836E+1
2,293750E+3	9,641918E+1
2,295312E+3	9,821242E+1
2,296875E+3	9,969805E+1
2,298437E+3	1,014459E+2
2,300000E+3	1,029003E+2
2,301562E+3	1,029912E+2
2,303125E+3	1,030812E+2
2,304687E+3	1,031057E+2
2,306250E+3	1,031301E+2
2,307812E+3	1,030895E+2
2,309375E+3	1,030486E+2
2,310937E+3	1,029435E+2
2,312500E+3	1,028370E+2
2,314062E+3	1,026640E+2
2,315625E+3	1,024875E+2
2,317187E+3	1,022490E+2
2,318750E+3	1,020037E+2
2,320312E+3	1,016930E+2
2,321875E+3	1,013708E+2
2,323437E+3	1,009869E+2
2,325000E+3	1,005852E+2
2,326562E+3	1,001219E+2
2,328125E+3	9,963246E+1
2,329687E+3	9,908838E+1
2,331250E+3	9,850793E+1
2,332812E+3	9,929625E+1
2,334375E+3	1,000189E+2
2,335937E+3	1,000105E+2
2,337500E+3	1,000020E+2
2,339062E+3	9,998318E+1
2,340625E+3	9,996432E+1
2,342187E+3	9,995823E+1
2,343750E+3	9,995213E+1
2,345312E+3	9,996456E+1
2,346875E+3	9,997697E+1
2,348437E+3	9,999460E+1
2,350000E+3	1,000122E+2
2,351562E+3	1,000208E+2
2,353125E+3	1,000294E+2
2,354687E+3	1,000315E+2
2,356250E+3	1,000335E+2
2,357812E+3	1,000253E+2
2,359375E+3	1,000170E+2
2,360937E+3	1,000048E+2
2,362500E+3	9,999263E+1
2,364062E+3	1,000103E+2
2,365625E+3	1,000280E+2
2,367187E+3	1,000430E+2
2,368750E+3	1,000580E+2
2,370312E+3	1,000507E+2
2,371875E+3	1,000433E+2
2,373437E+3	1,000177E+2
2,375000E+3	9,999190E+1
2,376562E+3	9,996705E+1
2,378125E+3	9,994212E+1
2,379687E+3	9,994486E+1
2,381250E+3	9,994761E+1
2,382812E+3	9,996295E+1
2,384375E+3	9,997826E+1
2,385937E+3	9,998613E+1
2,387500E+3	9,999399E+1
2,389062E+3	1,000010E+2
2,390625E+3	1,000080E+2
2,392187E+3	1,000145E+2
2,393750E+3	1,000210E+2
2,395312E+3	1,000236E+2
2,396875E+3	1,000262E+2
2,398437E+3	1,000215E+2
2,400000E+3	1,000167E+2
2,401562E+3	1,000228E+2
2,403125E+3	1,000289E+2
2,404687E+3	1,000503E+2
2,406250E+3	1,000716E+2
2,407812E+3	1,000890E+2
2,409375E+3	1,001064E+2
2,410937E+3	1,001234E+2
2,412500E+3	1,001404E+2
2,414062E+3	1,001420E+2
2,415625E+3	1,001436E+2
2,417187E+3	1,001263E+2
2,418750E+3	1,001091E+2
2,420312E+3	1,000786E+2
2,421875E+3	1,000479E+2
2,423437E+3	1,000185E+2
2,425000E+3	9,998898E+1
2,426562E+3	9,999033E+1
2,428125E+3	9,999167E+1
2,429687E+3	9,997738E+1
2,431250E+3	9,996306E+1
2,432812E+3	9,993912E+1
2,434375E+3	9,991511E+1
2,435937E+3	9,989174E+1
2,437500E+3	9,986832E+1
2,439062E+3	9,985917E+1
2,440625E+3	9,985002E+1
2,442187E+3	9,987801E+1
2,443750E+3	9,990590E+1
2,445312E+3	9,993396E+1
2,446875E+3	9,996193E+1
2,448437E+3	9,997154E+1
2,450000E+3	9,998114E+1
2,451562E+3	9,998406E+1
2,453125E+3	9,998698E+1
2,454687E+3	9,998664E+1
2,456250E+3	9,998631E+1
2,457812E+3	9,997803E+1
2,459375E+3	9,996974E+1
2,460937E+3	9,995646E+1
2,462500E+3	9,994315E+1
2,464062E+3	9,993226E+1
2,465625E+3	9,992136E+1
2,467187E+3	9,992202E+1
2,468750E+3	9,992268E+1
2,470312E+3	9,993979E+1
2,471875E+3	9,995686E+1
2,473437E+3	9,997274E+1
2,475000E+3	9,998860E+1
2,476562E+3	9,999207E+1
2,478125E+3	9,999553E+1
2,479687E+3	1,000023E+2
2,481250E+3	1,000091E+2
2,482812E+3	1,000231E+2
2,484375E+3	1,000371E+2
2,485937E+3	1,000460E+2
2,487500E+3	1,000549E+2
2,489062E+3	1,000499E+2
2,490625E+3	1,000449E+2
2,492187E+3	1,000351E+2
2,493750E+3	1,000253E+2
2,495312E+3	1,000135E+2
2,496875E+3	1,000017E+2
2,498437E+3	9,999534E+1
2,500000E+3	9,998900E+1
2,501562E+3	9,998532E+1
2,503125E+3	9,998163E+1
2,504687E+3	9,993757E+1
2,506250E+3	9,989329E+1
2,507812E+3	9,988354E+1
2,509375E+3	9,987378E+1
2,510937E+3	9,988991E+1
2,512500E+3	9,990601E+1
2,514062E+3	9,992259E+1
2,515625E+3	9,993915E+1
2,517187E+3	9,995925E+1
2,518750E+3	9,997929E+1
2,520312E+3	9,999896E+1
2,521875E+3	1,000186E+2
2,523437E+3	1,000205E+2
2,525000E+3	1,000224E+2
2,526562E+3	1,000025E+2
2,528125E+3	9,998267E+1
2,529687E+3	9,996331E+1
2,531250E+3	9,994392E+1
2,532812E+3	9,994399E+1
2,534375E+3	9,994407E+1
2,535937E+3	9,996294E+1
2,537500E+3	9,998177E+1
2,539062E+3	9,998898E+1
2,540625E+3	9,999620E+1
2,542187E+3	1,000085E+2
2,543750E+3	1,000208E+2
2,545312E+3	1,000397E+2
2,546875E+3	1,000586E+2
2,548437E+3	1,000721E+2
2,550000E+3	1,000855E+2
2,551562E+3	1,000825E+2
2,553125E+3	1,000796E+2
2,554687E+3	1,000533E+2
2,556250E+3	1,000270E+2
2,557812E+3	9,998778E+1
2,559375E+3	9,994843E+1
2,560937E+3	9,994261E+1
2,562500E+3	9,993678E+1
2,564062E+3	9,996124E+1
2,565625E+3	9,998562E+1
2,567187E+3	1,000087E+2
2,568750E+3	1,000318E+2
2,570312E+3	1,000348E+2
2,571875E+3	1,000378E+2
2,573437E+3	1,000225E+2
2,575000E+3	1,000072E+2
2,576562E+3	9,999325E+1
2,578125E+3	9,997928E+1
2,579687E+3	9,999225E+1
2,581250E+3	1,000052E+2
2,582812E+3	1,000226E+2
2,584375E+3	1,000399E+2
2,585937E+3	1,000507E+2
2,587500E+3	1,000615E+2
2,589062E+3	1,000666E+2
2,590625E+3	1,000716E+2
2,592187E+3	1,000658E+2
2,593750E+3	1,000600E+2
2,595312E+3	1,000471E+2
2,596875E+3	1,000341E+2
2,598437E+3	1,000229E+2
2,600000E+3	1,000117E+2
2,601562E+3	1,000063E+2
2,603125E+3	1,000009E+2
2,604687E+3	1,000026E+2
2,606250E+3	1,000043E+2
2,607812E+3	1,000178E+2
2,609375E+3	1,000312E+2
2,610937E+3	1,000376E+2
2,612500E+3	1,000440E+2
2,614062E+3	1,000361E+2
2,615625E+3	1,000282E+2
2,617187E+3	1,000123E+2
2,618750E+3	9,999638E+1
2,620312E+3	9,999162E+1
2,621875E+3	9,998685E+1
2,623437E+3	9,998854E+1
2,625000E+3	9,999023E+1
2,626562E+3	9,999746E+1
2,628125E+3	1,000047E+2
2,629687E+3	1,000128E+2
2,631250E+3	1,000208E+2
2,632812E+3	1,000267E+2
2,634375E+3	1,000327E+2
2,635937E+3	1,000304E+2
2,637500E+3	1,000281E+2
2,639062E+3	1,000240E+2
2,640625E+3	1,000200E+2
2,642187E+3	1,000215E+2
2,643750E+3	1,000229E+2
2,645312E+3	1,000267E+2
2,646875E+3	1,000305E+2
2,648437E+3	1,000233E+2
2,650000E+3	1,000161E+2
2,651562E+3	9,999484E+1
2,653125E+3	9,997348E+1
2,654687E+3	9,997322E+1
2,656250E+3	9,997295E+1
2,657812E+3	9,999464E+1
2,659375E+3	1,000163E+2
2,660937E+3	1,000249E+2
2,662500E+3	1,000335E+2
2,664062E+3	1,000184E+2
2,665625E+3	1,000033E+2
2,667187E+3	9,999400E+1
2,668750E+3	9,998467E+1
2,670312E+3	9,999264E+1
2,671875E+3	1,000006E+2
2,673437E+3	1,000070E+2
2,675000E+3	1,000135E+2
2,676562E+3	1,000129E+2
2,678125E+3	1,000123E+2
2,679687E+3	1,000053E+2
2,681250E+3	9,999841E+1
2,682812E+3	9,999167E+1
2,684375E+3	9,998492E+1
2,685937E+3	9,997983E+1
2,687500E+3	9,997475E+1
2,689062E+3	9,998273E+1
2,690625E+3	9,999071E+1
2,692187E+3	1,000059E+2
2,693750E+3	1,000210E+2
2,695312E+3	1,000294E+2
2,696875E+3	1,000378E+2
2,698437E+3	1,000288E+2
2,700000E+3	1,000198E+2
2,701562E+3	9,999312E+1
2,703125E+3	9,996639E+1
2,704687E+3	1,000032E+2
2,706250E+3	1,000399E+2
2,707812E+3	1,001010E+2
2,709375E+3	1,001616E+2
2,710937E+3	1,000391E+2
2,712500E+3	9,991490E+1
2,714062E+3	1,000266E+2
2,715625E+3	1,001369E+2
2,717187E+3	1,002025E+2
2,718750E+3	1,002676E+2
2,720312E+3	1,002584E+2
2,721875E+3	1,002492E+2
2,723437E+3	1,001187E+2
2,725000E+3	9,998623E+1
2,726562E+3	9,974137E+1
2,728125E+3	9,948941E+1
2,729687E+3	9,966714E+1
2,731250E+3	9,984131E+1
2,732812E+3	1,000552E+2
2,734375E+3	1,002640E+2
2,735937E+3	1,004262E+2
2,737500E+3	1,005854E+2
2,739062E+3	1,006784E+2
2,740625E+3	1,007704E+2
2,742187E+3	1,008011E+2
2,743750E+3	1,008318E+2
2,745312E+3	1,007958E+2
2,746875E+3	1,007597E+2
2,748437E+3	1,006577E+2
2,750000E+3	1,005544E+2
2,751562E+3	1,003924E+2
2,753125E+3	1,002272E+2
2,754687E+3	1,000005E+2
2,756250E+3	9,976776E+1
2,757812E+3	9,732929E+1
2,759375E+3	9,392683E+1
2,760937E+3	9,482415E+1
2,762500E+3	9,563740E+1
2,764062E+3	9,594001E+1
2,765625E+3	9,623244E+1
2,767187E+3	9,654853E+1
2,768750E+3	9,685352E+1
2,770312E+3	9,720281E+1
2,771875E+3	9,753860E+1
2,773437E+3	9,788707E+1
2,775000E+3	9,822209E+1
2,776562E+3	9,858161E+1
2,778125E+3	9,892683E+1
2,779687E+3	9,926408E+1
2,781250E+3	9,958872E+1
2,782812E+3	9,992445E+1
2,784375E+3	1,002477E+2
2,785937E+3	1,005460E+2
2,787500E+3	1,008345E+2
2,789062E+3	1,010896E+2
2,790625E+3	1,013375E+2
2,792187E+3	1,015859E+2
2,793750E+3	1,018275E+2
2,795312E+3	1,020712E+2
2,796875E+3	1,023083E+2
2,798437E+3	1,025150E+2
2,800000E+3	1,027168E+2
2,801562E+3	1,029541E+2
2,803125E+3	1,031851E+2
2,804687E+3	1,034139E+2
2,806250E+3	1,036369E+2
2,807812E+3	1,038526E+2
2,809375E+3	1,040630E+2
2,810937E+3	1,020440E+2
2,812500E+3	9,940884E+1
2,814062E+3	9,963821E+1
2,815625E+3	9,986167E+1
2,817187E+3	1,000871E+2
2,818750E+3	1,003068E+2
2,820312E+3	1,004374E+2
2,821875E+3	1,005661E+2
2,823437E+3	1,006442E+2
2,825000E+3	1,007216E+2
2,826562E+3	1,007554E+2
2,828125E+3	1,007889E+2
2,829687E+3	1,007490E+2
2,831250E+3	1,007089E+2
2,832812E+3	1,006343E+2
2,834375E+3	1,005590E+2
2,835937E+3	1,004328E+2
2,837500E+3	1,003046E+2
2,839062E+3	1,001249E+2
2,840625E+3	9,994141E+1
2,842187E+3	9,970432E+1
2,843750E+3	9,946059E+1
2,845312E+3	9,915029E+1
2,846875E+3	9,882849E+1
2,848437E+3	9,844947E+1
2,850000E+3	9,805315E+1
2,851562E+3	9,880825E+1
2,853125E+3	9,950293E+1
2,854687E+3	9,965557E+1
2,856250E+3	9,980557E+1
2,857812E+3	9,988631E+1
2,859375E+3	9,996630E+1
2,860937E+3	9,998618E+1
2,862500E+3	1,000060E+2
2,864062E+3	9,995215E+1
2,865625E+3	9,989796E+1
2,867187E+3	9,977499E+1
2,868750E+3	9,965026E+1
2,870312E+3	9,945786E+1
2,871875E+3	9,926111E+1
2,873437E+3	9,900202E+1
2,875000E+3	9,873497E+1
2,876562E+3	9,840845E+1
2,878125E+3	9,806917E+1
2,879687E+3	9,768623E+1
2,881250E+3	9,728563E+1
2,882812E+3	9,685800E+1
2,884375E+3	9,640823E+1
2,885937E+3	9,593056E+1
2,887500E+3	9,542508E+1
2,889062E+3	9,998139E+1
2,890625E+3	1,029546E+2
2,892187E+3	1,030562E+2
2,893750E+3	1,031567E+2
2,895312E+3	1,031844E+2
2,896875E+3	1,032120E+2
2,898437E+3	1,031714E+2
2,900000E+3	1,031307E+2
2,901562E+3	1,030237E+2
2,903125E+3	1,029154E+2
2,904687E+3	1,027457E+2
2,906250E+3	1,025725E+2
2,907812E+3	1,023377E+2
2,909375E+3	1,020964E+2
2,910937E+3	1,017978E+2
2,912500E+3	1,014886E+2
2,914062E+3	1,011205E+2
2,915625E+3	1,007361E+2
2,917187E+3	1,002933E+2
2,918750E+3	9,982661E+1
2,920312E+3	9,930127E+1
2,921875E+3	9,874211E+1
2,923437E+3	9,977474E+1
2,925000E+3	1,006976E+2
2,926562E+3	1,005453E+2
2,928125E+3	1,003903E+2
2,929687E+3	1,001950E+2
2,931250E+3	9,999527E+1
2,932812E+3	9,978247E+1
2,934375E+3	9,956433E+1
2,935937E+3	9,948348E+1
2,937500E+3	9,940187E+1
2,939062E+3	9,975461E+1
2,940625E+3	1,000936E+2
2,942187E+3	1,001121E+2
2,943750E+3	1,001306E+2
2,945312E+3	1,001024E+2
2,946875E+3	1,000740E+2
2,948437E+3	1,000352E+2
2,950000E+3	9,999616E+1
2,951562E+3	9,998580E+1
2,953125E+3	9,997542E+1
2,954687E+3	1,000038E+2
2,956250E+3	1,000321E+2
2,957812E+3	1,000434E+2
2,959375E+3	1,000547E+2
2,960937E+3	1,000445E+2
2,962500E+3	1,000342E+2
2,964062E+3	1,000287E+2
2,965625E+3	1,000232E+2
2,967187E+3	1,000288E+2
2,968750E+3	1,000343E+2
2,970312E+3	1,000318E+2
2,971875E+3	1,000293E+2
2,973437E+3	1,000090E+2
2,975000E+3	9,998872E+1
2,976562E+3	9,997320E+1
2,978125E+3	9,995766E+1
2,979687E+3	9,997252E+1
2,981250E+3	9,998737E+1
2,982812E+3	1,000162E+2
2,984375E+3	1,000450E+2
2,985937E+3	1,000658E+2
2,987500E+3	1,000866E+2
2,989062E+3	1,000739E+2
2,990625E+3	1,000612E+2
2,992187E+3	1,000216E+2
2,993750E+3	9,998174E+1
2,995312E+3	9,995403E+1
2,996875E+3	9,992623E+1
2,998437E+3	9,995375E+1
3,000000E+3	9,998118E+1
3,001562E+3	1,000010E+2
3,003125E+3	1,000207E+2
3,004687E+3	1,000443E+2
3,006250E+3	1,000678E+2
3,007812E+3	1,001037E+2
3,009375E+3	1,001395E+2
3,010937E+3	1,002048E+2
3,012500E+3	1,002696E+2
3,014062E+3	1,001595E+2
3,015625E+3	1,000479E+2
3,017187E+3	1,000197E+2
3,018750E+3	9,999137E+1
3,020312E+3	1,000157E+2
3,021875E+3	1,000400E+2
3,023437E+3	1,000451E+2
3,025000E+3	1,000503E+2
3,026562E+3	1,000441E+2
3,028125E+3	1,000380E+2
3,029687E+3	1,000279E+2
3,031250E+3	1,000178E+2
3,032812E+3	1,000138E+2
3,034375E+3	1,000098E+2
3,035937E+3	1,000232E+2
3,037500E+3	1,000367E+2
3,039062E+3	1,000579E+2
3,040625E+3	1,000790E+2
3,042187E+3	1,000897E+2
3,043750E+3	1,001004E+2
3,045312E+3	1,001017E+2
3,046875E+3	1,001029E+2
3,048437E+3	1,000925E+2
3,050000E+3	1,000821E+2
3,051562E+3	1,000667E+2
3,053125E+3	1,000512E+2
3,054687E+3	1,000341E+2
3,056250E+3	1,000170E+2
3,057812E+3	1,000026E+2
3,059375E+3	9,998806E+1
3,060937E+3	9,998132E+1
3,062500E+3	9,997459E+1
3,064062E+3	9,998624E+1
3,065625E+3	9,999788E+1
3,067187E+3	1,000167E+2
3,068750E+3	1,000355E+2
3,070312E+3	1,000409E+2
3,071875E+3	1,000463E+2
3,073437E+3	1,000355E+2
3,075000E+3	1,000248E+2
3,076562E+3	1,000061E+2
3,078125E+3	9,998735E+1
3,079687E+3	9,997581E+1
3,081250E+3	9,996425E+1
3,082812E+3	9,996546E+1
3,084375E+3	9,996667E+1
3,085937E+3	9,996254E+1
3,087500E+3	9,995841E+1
3,089062E+3	9,995825E+1
3,090625E+3	9,995809E+1
3,092187E+3	9,997267E+1
3,093750E+3	9,998722E+1
3,095312E+3	1,000002E+2
3,096875E+3	1,000132E+2
3,098437E+3	1,000157E+2
3,100000E+3	1,000182E+2
3,101562E+3	1,000151E+2
3,103125E+3	1,000119E+2
3,104687E+3	1,000135E+2
3,106250E+3	1,000150E+2
3,107812E+3	1,000125E+2
3,109375E+3	1,000100E+2
3,110937E+3	1,000059E+2
3,112500E+3	1,000017E+2
3,114062E+3	1,000021E+2
3,115625E+3	1,000025E+2
3,117187E+3	1,000089E+2
3,118750E+3	1,000152E+2
3,120312E+3	1,000211E+2
3,121875E+3	1,000270E+2
3,123437E+3	1,000251E+2
3,125000E+3	1,000232E+2
3,126562E+3	1,000186E+2
3,128125E+3	1,000140E+2
3,129687E+3	1,000034E+2
3,131250E+3	9,999275E+1
3,132812E+3	9,998036E+1
3,134375E+3	9,996795E+1
3,135937E+3	9,996013E+1
3,137500E+3	9,995230E+1
3,139062E+3	9,995845E+1
3,140625E+3	9,996459E+1
3,142187E+3	9,996637E+1
3,143750E+3	9,996816E+1
3,145312E+3	9,997034E+1
3,146875E+3	9,997252E+1
3,148437E+3	9,997407E+1
3,150000E+3	9,997561E+1
3,151562E+3	9,998811E+1
3,153125E+3	1,000006E+2
3,154687E+3	1,000095E+2
3,156250E+3	1,000183E+2
3,157812E+3	1,000220E+2
3,159375E+3	1,000256E+2
3,160937E+3	1,000238E+2
3,162500E+3	1,000220E+2
3,164062E+3	1,000092E+2
3,165625E+3	9,999645E+1
3,167187E+3	9,997460E+1
3,168750E+3	9,995269E+1
3,170312E+3	9,995305E+1
3,171875E+3	9,995341E+1
3,173437E+3	9,995529E+1
3,175000E+3	9,995718E+1
3,176562E+3	9,994286E+1
3,178125E+3	9,992852E+1
3,179687E+3	9,992174E+1
3,181250E+3	9,991495E+1
3,182812E+3	9,992147E+1
3,184375E+3	9,992799E+1
3,185937E+3	9,994004E+1
3,187500E+3	9,995207E+1
3,189062E+3	9,996647E+1
3,190625E+3	9,998085E+1
3,192187E+3	9,999438E+1
3,193750E+3	1,000079E+2
3,195312E+3	1,000268E+2
3,196875E+3	1,000457E+2
3,198437E+3	1,000584E+2
3,200000E+3	1,000711E+2
3,201562E+3	1,000649E+2
3,203125E+3	1,000587E+2
3,204687E+3	1,000296E+2
3,206250E+3	1,000003E+2
3,207812E+3	9,997011E+1
3,209375E+3	9,993981E+1
3,210937E+3	9,992558E+1
3,212500E+3	9,991132E+1
3,214062E+3	9,991090E+1
3,215625E+3	9,991047E+1
3,217187E+3	9,978602E+1
3,218750E+3	9,965975E+1
3,220312E+3	9,970444E+1
3,221875E+3	9,974890E+1
3,223437E+3	9,982629E+1
3,225000E+3	9,990299E+1
3,226562E+3	9,996628E+1
3,228125E+3	1,000291E+2
3,229687E+3	1,000583E+2
3,231250E+3	1,000875E+2
3,232812E+3	1,000806E+2
3,234375E+3	1,000737E+2
3,235937E+3	1,000504E+2
3,237500E+3	1,000271E+2
3,239062E+3	9,999665E+1
3,240625E+3	9,996614E+1
3,242187E+3	9,995576E+1
3,243750E+3	9,994537E+1
3,245312E+3	9,996273E+1
3,246875E+3	9,998006E+1
3,248437E+3	9,999599E+1
3,250000E+3	1,000119E+2
3,251562E+3	1,000100E+2
3,253125E+3	1,000080E+2
3,254687E+3	9,999472E+1
3,256250E+3	9,998138E+1
3,257812E+3	9,998195E+1
3,259375E+3	9,998252E+1
3,260937E+3	9,999182E+1
3,262500E+3	1,000011E+2
3,264062E+3	9,999879E+1
3,265625E+3	9,999648E+1
3,267187E+3	9,998509E+1
3,268750E+3	9,997368E+1
3,270312E+3	9,998132E+1
3,271875E+3	9,998896E+1
3,273437E+3	9,999653E+1
3,275000E+3	1,000041E+2
3,276562E+3	1,000138E+2
3,278125E+3	1,000236E+2
3,279687E+3	1,000229E+2
3,281250E+3	1,000223E+2
3,282812E+3	1,000079E+2
3,284375E+3	9,999342E+1
3,285937E+3	9,997898E+1
3,287500E+3	9,996451E+1
3,289062E+3	9,997266E+1
3,290625E+3	9,998080E+1
3,292187E+3	1,000047E+2
3,293750E+3	1,000286E+2
3,295312E+3	1,000445E+2
3,296875E+3	1,000603E+2
3,298437E+3	1,000566E+2
3,300000E+3	1,000529E+2
3,301562E+3	1,000368E+2
3,303125E+3	1,000206E+2
3,304687E+3	1,000051E+2
3,306250E+3	9,998949E+1
3,307812E+3	9,998949E+1
3,309375E+3	9,998950E+1
3,310937E+3	9,999543E+1
3,312500E+3	1,000014E+2
3,314062E+3	1,000160E+2
3,315625E+3	1,000307E+2
3,317187E+3	1,000345E+2
3,318750E+3	1,000383E+2
3,320312E+3	1,000400E+2
3,321875E+3	1,000417E+2
3,323437E+3	1,000345E+2
3,325000E+3	1,000273E+2
3,326562E+3	1,000147E+2
3,328125E+3	1,000020E+2
3,329687E+3	9,999795E+1
3,331250E+3	9,999389E+1
3,332812E+3	9,999252E+1
3,334375E+3	9,999115E+1
3,335937E+3	9,999168E+1
3,337500E+3	9,999222E+1
3,339062E+3	1,000032E+2
3,340625E+3	1,000141E+2
3,342187E+3	1,000195E+2
3,343750E+3	1,000250E+2
3,345312E+3	1,000020E+2
3,346875E+3	9,997902E+1
3,348437E+3	9,981422E+1
3,350000E+3	9,964624E+1
3,351562E+3	9,981712E+1
3,353125E+3	9,998470E+1
3,354687E+3	1,001385E+2
3,356250E+3	1,002896E+2
3,357812E+3	1,003855E+2
3,359375E+3	1,004804E+2
3,360937E+3	1,005054E+2
3,362500E+3	1,005304E+2
3,364062E+3	1,002017E+2
3,365625E+3	9,986009E+1
3,367187E+3	1,001223E+2
3,368750E+3	1,003767E+2
3,370312E+3	1,005571E+2
3,371875E+3	1,007338E+2
3,373437E+3	1,008355E+2
3,375000E+3	1,009360E+2
3,376562E+3	1,009679E+2
3,378125E+3	1,009997E+2
3,379687E+3	1,009594E+2
3,381250E+3	1,009188E+2
3,382812E+3	1,008106E+2
3,384375E+3	1,007010E+2
3,385937E+3	9,917627E+1
3,387500E+3	9,732567E+1
3,389062E+3	9,778998E+1
3,390625E+3	9,823073E+1
3,392187E+3	9,866153E+1
3,393750E+3	9,907197E+1
3,395312E+3	9,947606E+1
3,396875E+3	9,986218E+1
3,398437E+3	1,002078E+2
3,400000E+3	1,005403E+2
3,401562E+3	1,008380E+2
3,403125E+3	1,011258E+2
3,404687E+3	1,013716E+2
3,406250E+3	1,016107E+2
3,407812E+3	1,017853E+2
3,409375E+3	1,019564E+2
3,410937E+3	1,020854E+2
3,412500E+3	1,022124E+2
3,414062E+3	1,000213E+2
3,415625E+3	9,708389E+1
3,417187E+3	9,746793E+1
3,418750E+3	9,783572E+1
3,420312E+3	9,814285E+1
3,421875E+3	9,843948E+1
3,423437E+3	9,870528E+1
3,425000E+3	9,896318E+1
3,426562E+3	9,917565E+1
3,428125E+3	9,938305E+1
3,429687E+3	9,951950E+1
3,431250E+3	9,965383E+1
3,432812E+3	9,974839E+1
3,434375E+3	9,984192E+1
3,435937E+3	9,985118E+1
3,437500E+3	9,986042E+1
3,439062E+3	9,977525E+1
3,440625E+3	9,968923E+1
3,442187E+3	9,954492E+1
3,443750E+3	9,939817E+1
3,445312E+3	9,919525E+1
3,446875E+3	9,898748E+1
3,448437E+3	9,870875E+1
3,450000E+3	9,842079E+1
3,451562E+3	9,831044E+1
3,453125E+3	9,819866E+1
3,454687E+3	9,819749E+1
3,456250E+3	9,819632E+1
3,457812E+3	9,814898E+1
3,459375E+3	9,810137E+1
3,460937E+3	9,802136E+1
3,462500E+3	9,794060E+1
3,464062E+3	9,782027E+1
3,465625E+3	9,769824E+1
3,467187E+3	9,752051E+1
3,468750E+3	9,733907E+1
3,470312E+3	9,710926E+1
3,471875E+3	9,687320E+1
3,473437E+3	9,657978E+1
3,475000E+3	9,627610E+1
3,476562E+3	9,592412E+1
3,478125E+3	9,555728E+1
3,479687E+3	9,795303E+1
3,481250E+3	9,982882E+1
3,482812E+3	9,962295E+1
3,484375E+3	9,941207E+1
3,485937E+3	9,913666E+1
3,487500E+3	9,885223E+1
3,489062E+3	9,850038E+1
3,490625E+3	9,813367E+1
3,492187E+3	9,770540E+1
3,493750E+3	9,725491E+1
3,495312E+3	9,998733E+1
3,496875E+3	1,020628E+2
3,498437E+3	1,021474E+2
3,500000E+3	1,022312E+2
3,501562E+3	1,022473E+2
3,503125E+3	1,022634E+2
3,504687E+3	1,022131E+2
3,506250E+3	1,021625E+2
3,507812E+3	1,020472E+2
3,509375E+3	1,019303E+2
3,510937E+3	1,017462E+2
3,512500E+3	1,015580E+2
3,514062E+3	1,013020E+2
3,515625E+3	1,010382E+2
3,517187E+3	1,007076E+2
3,518750E+3	1,003639E+2
3,520312E+3	9,995426E+1
3,521875E+3	9,952440E+1
3,523437E+3	9,903803E+1
3,525000E+3	9,852280E+1
3,526562E+3	9,919667E+1
3,528125E+3	9,982201E+1
3,529687E+3	9,982229E+1
3,531250E+3	9,982256E+1
3,532812E+3	9,977040E+1
3,534375E+3	9,971792E+1
3,535937E+3	9,978309E+1
3,537500E+3	9,984778E+1
3,539062E+3	1,000493E+2
3,540625E+3	1,002462E+2
3,542187E+3	1,002435E+2
3,543750E+3	1,002407E+2
3,545312E+3	1,001857E+2
3,546875E+3	1,001303E+2
3,548437E+3	1,000570E+2
3,550000E+3	9,998306E+1
3,551562E+3	9,994902E+1
3,553125E+3	9,991483E+1
3,554687E+3	9,995190E+1
3,556250E+3	9,998880E+1
3,557812E+3	1,000151E+2
3,559375E+3	1,000412E+2
3,560937E+3	1,000346E+2
3,562500E+3	1,000279E+2
3,564062E+3	1,000110E+2
3,565625E+3	9,999398E+1
3,567187E+3	9,997091E+1
3,568750E+3	9,994778E+1
3,570312E+3	9,994564E+1
3,571875E+3	9,994349E+1
3,573437E+3	9,997436E+1
3,575000E+3	1,000051E+2
3,576562E+3	1,000281E+2
3,578125E+3	1,000511E+2
3,579687E+3	1,000500E+2
3,581250E+3	1,000490E+2
3,582812E+3	1,000329E+2
3,584375E+3	1,000168E+2
3,585937E+3	1,000022E+2
3,587500E+3	9,998747E+1
3,589062E+3	9,998452E+1
3,590625E+3	9,998157E+1
3,592187E+3	1,000057E+2
3,593750E+3	1,000297E+2
3,595312E+3	1,000378E+2
3,596875E+3	1,000460E+2
3,598437E+3	1,000262E+2
3,600000E+3	1,000063E+2
3,601562E+3	9,997199E+1
3,603125E+3	9,993754E+1
3,604687E+3	9,990587E+1
3,606250E+3	9,987408E+1
3,607812E+3	9,994156E+1
3,609375E+3	1,000085E+2
3,610937E+3	1,000426E+2
3,612500E+3	1,000765E+2
3,614062E+3	1,000688E+2
3,615625E+3	1,000611E+2
3,617187E+3	1,000255E+2
3,618750E+3	9,998979E+1
3,620312E+3	9,996016E+1
3,621875E+3	9,993042E+1
3,623437E+3	9,992816E+1
3,625000E+3	9,992589E+1
3,626562E+3	9,993953E+1
3,628125E+3	9,995315E+1
3,629687E+3	1,000054E+2
3,631250E+3	1,000573E+2
3,632812E+3	1,000016E+2
3,634375E+3	9,994554E+1
3,635937E+3	9,993507E+1
3,637500E+3	9,992458E+1
3,639062E+3	9,992339E+1
3,640625E+3	9,992220E+1
3,642187E+3	9,992784E+1
3,643750E+3	9,993347E+1
3,645312E+3	9,994819E+1
3,646875E+3	9,996288E+1
3,648437E+3	9,997786E+1
3,650000E+3	9,999282E+1
3,651562E+3	9,999650E+1
3,653125E+3	1,000002E+2
3,654687E+3	9,999131E+1
3,656250E+3	9,998243E+1
3,657812E+3	9,996758E+1
3,659375E+3	9,995271E+1
3,660937E+3	9,993968E+1
3,662500E+3	9,992664E+1
3,664062E+3	9,991815E+1
3,665625E+3	9,990966E+1
3,667187E+3	9,991328E+1
3,668750E+3	9,991690E+1
3,670312E+3	9,993422E+1
3,671875E+3	9,995150E+1
3,673437E+3	9,996564E+1
3,675000E+3	9,997975E+1
3,676562E+3	9,998316E+1
3,678125E+3	9,998658E+1
3,679687E+3	9,997963E+1
3,681250E+3	9,997267E+1
3,682812E+3	9,996819E+1
3,684375E+3	9,996371E+1
3,685937E+3	9,997387E+1
3,687500E+3	9,998402E+1
3,689062E+3	9,999221E+1
3,690625E+3	1,000004E+2
3,692187E+3	1,000028E+2
3,693750E+3	1,000051E+2
3,695312E+3	1,000012E+2
3,696875E+3	9,999734E+1
3,698437E+3	9,999510E+1
3,700000E+3	9,999287E+1
3,701562E+3	9,999094E+1
3,703125E+3	9,998901E+1
3,704687E+3	9,998588E+1
3,706250E+3	9,998276E+1
3,707812E+3	9,999125E+1
3,709375E+3	9,999972E+1
3,710937E+3	1,000121E+2
3,712500E+3	1,000244E+2
3,714062E+3	1,000304E+2
3,715625E+3	1,000363E+2
3,717187E+3	1,000349E+2
3,718750E+3	1,000334E+2
3,720312E+3	1,000260E+2
3,721875E+3	1,000187E+2
3,723437E+3	1,000133E+2
3,725000E+3	1,000079E+2
3,726562E+3	1,000083E+2
3,728125E+3	1,000088E+2
3,729687E+3	1,000065E+2
3,731250E+3	1,000042E+2
3,732812E+3	1,000010E+2
3,734375E+3	9,999774E+1
3,735937E+3	9,999775E+1
3,737500E+3	9,999777E+1
3,739062E+3	1,000048E+2
3,740625E+3	1,000119E+2
3,742187E+3	1,000160E+2
3,743750E+3	1,000202E+2
3,745312E+3	1,000209E+2
3,746875E+3	1,000215E+2
3,748437E+3	1,000180E+2
3,750000E+3	1,000145E+2
3,751562E+3	1,000078E+2
3,753125E+3	1,000011E+2
3,754687E+3	9,999341E+1
3,756250E+3	9,998570E+1
3,757812E+3	9,998735E+1
3,759375E+3	9,998899E+1
3,760937E+3	1,000031E+2
3,762500E+3	1,000172E+2
3,764062E+3	1,000264E+2
3,765625E+3	1,000356E+2
3,767187E+3	1,000353E+2
3,768750E+3	1,000350E+2
3,770312E+3	1,000279E+2
3,771875E+3	1,000208E+2
3,773437E+3	1,000180E+2
3,775000E+3	1,000152E+2
3,776562E+3	1,000213E+2
3,778125E+3	1,000274E+2
3,779687E+3	1,000336E+2
3,781250E+3	1,000397E+2
3,782812E+3	1,000410E+2
3,784375E+3	1,000423E+2
3,785937E+3	1,000425E+2
3,787500E+3	1,000427E+2
3,789062E+3	1,000461E+2
3,790625E+3	1,000495E+2
3,792187E+3	1,000529E+2
3,793750E+3	1,000564E+2
3,795312E+3	1,000575E+2
3,796875E+3	1,000586E+2
3,798437E+3	1,000540E+2
3,800000E+3	1,000493E+2
3,801562E+3	1,000455E+2
3,803125E+3	1,000417E+2
3,804687E+3	1,000460E+2
3,806250E+3	1,000504E+2
3,807812E+3	1,000543E+2
3,809375E+3	1,000583E+2
3,810937E+3	1,000525E+2
3,812500E+3	1,000467E+2
3,814062E+3	1,000423E+2
3,815625E+3	1,000379E+2
3,817187E+3	1,000392E+2
3,818750E+3	1,000406E+2
3,820312E+3	1,000445E+2
3,821875E+3	1,000484E+2
3,823437E+3	1,000488E+2
3,825000E+3	1,000492E+2
3,826562E+3	1,000429E+2
3,828125E+3	1,000367E+2
3,829687E+3	1,000278E+2
3,831250E+3	1,000188E+2
3,832812E+3	1,000134E+2
3,834375E+3	1,000080E+2
3,835937E+3	1,000055E+2
3,837500E+3	1,000031E+2
3,839062E+3	1,000009E+2
3,840625E+3	9,999876E+1
3,842187E+3	9,999582E+1
3,843750E+3	9,999288E+1
3,845312E+3	9,999302E+1
3,846875E+3	9,999316E+1
3,848437E+3	9,999453E+1
3,850000E+3	9,999591E+1
3,851562E+3	9,999214E+1
3,853125E+3	9,998837E+1
3,854687E+3	9,997854E+1
3,856250E+3	9,996869E+1
3,857812E+3	9,996118E+1
3,859375E+3	9,995367E+1
3,860937E+3	9,995676E+1
3,862500E+3	9,995985E+1
3,864062E+3	9,997177E+1
3,865625E+3	9,998367E+1
3,867187E+3	9,999556E+1
3,868750E+3	1,000074E+2
3,870312E+3	1,000153E+2
3,871875E+3	1,000232E+2
3,873437E+3	1,000268E+2
3,875000E+3	1,000303E+2
3,876562E+3	1,000284E+2
3,878125E+3	1,000264E+2
3,879687E+3	1,000220E+2
3,881250E+3	1,000177E+2
3,882812E+3	1,000135E+2
3,884375E+3	1,000094E+2
3,885937E+3	1,000089E+2
3,887500E+3	1,000083E+2
3,889062E+3	1,000104E+2
3,890625E+3	1,000125E+2
3,892187E+3	1,000105E+2
3,893750E+3	1,000084E+2
3,895312E+3	1,000038E+2
3,896875E+3	9,999927E+1
3,898437E+3	9,999333E+1
3,900000E+3	9,998738E+1
3,901562E+3	9,998739E+1
3,903125E+3	9,998741E+1
3,904687E+3	9,998629E+1
3,906250E+3	9,998518E+1
3,907812E+3	9,998208E+1
3,909375E+3	9,997899E+1
3,910937E+3	9,998593E+1
3,912500E+3	9,999287E+1
3,914062E+3	9,998158E+1
3,915625E+3	9,997028E+1
3,917187E+3	9,999048E+1
3,918750E+3	1,000106E+2
3,920312E+3	1,000171E+2
3,921875E+3	1,000235E+2
3,923437E+3	1,000193E+2
3,925000E+3	1,000151E+2
3,926562E+3	1,000069E+2
3,928125E+3	9,999880E+1
3,929687E+3	9,999487E+1
3,931250E+3	9,999093E+1
3,932812E+3	9,998950E+1
3,934375E+3	9,998807E+1
3,935937E+3	9,999406E+1
3,937500E+3	1,000000E+2
3,939062E+3	1,000093E+2
3,940625E+3	1,000185E+2
3,942187E+3	1,000248E+2
3,943750E+3	1,000311E+2
3,945312E+3	1,000248E+2
3,946875E+3	1,000185E+2
3,948437E+3	1,000062E+2
3,950000E+3	9,999386E+1
3,951562E+3	9,998951E+1
3,953125E+3	9,998516E+1
3,954687E+3	9,998980E+1
3,956250E+3	9,999443E+1
3,957812E+3	9,999834E+1
3,959375E+3	1,000023E+2
3,960937E+3	1,000065E+2
3,962500E+3	1,000108E+2
3,964062E+3	1,000100E+2
3,965625E+3	1,000092E+2
3,967187E+3	1,000064E+2
3,968750E+3	1,000036E+2
3,970312E+3	9,999563E+1
3,971875E+3	9,998761E+1
3,973437E+3	9,997961E+1
3,975000E+3	9,997160E+1
3,976562E+3	9,997397E+1
3,978125E+3	9,997634E+1
3,979687E+3	9,998911E+1
3,981250E+3	1,000019E+2
3,982812E+3	1,000124E+2
3,984375E+3	1,000229E+2
3,985937E+3	1,000245E+2
3,987500E+3	1,000261E+2
3,989062E+3	1,000190E+2
3,990625E+3	1,000118E+2
3,992187E+3	9,999727E+1
3,993750E+3	9,998268E+1
3,995312E+3	9,996795E+1
3,996875E+3	9,995319E+1
3,998437E+3	9,995429E+1
4,000000E+3	9,995538E+1
4,001562E+3	9,996085E+1
4,003125E+3	9,996631E+1
4,004687E+3	9,996945E+1
4,006250E+3	9,997258E+1
4,007812E+3	9,997354E+1
4,009375E+3	9,997450E+1
4,010937E+3	9,997955E+1
4,012500E+3	9,998459E+1
4,014062E+3	9,998830E+1
4,015625E+3	9,999200E+1
4,017187E+3	9,998810E+1
4,018750E+3	9,998419E+1
4,020312E+3	9,997696E+1
4,021875E+3	9,996972E+1
4,023437E+3	9,996921E+1
4,025000E+3	9,996871E+1
4,026562E+3	9,996909E+1
4,028125E+3	9,996948E+1
4,029687E+3	9,997293E+1
4,031250E+3	9,997638E+1
4,032812E+3	9,998672E+1
4,034375E+3	9,999704E+1
4,035937E+3	1,000001E+2
4,037500E+3	1,000032E+2
4,039062E+3	1,000020E+2
4,040625E+3	1,000008E+2
4,042187E+3	1,000016E+2
4,043750E+3	1,000024E+2
4,045312E+3	1,000140E+2
4,046875E+3	1,000255E+2
4,048437E+3	1,000281E+2
4,050000E+3	1,000308E+2
4,051562E+3	1,000104E+2
4,053125E+3	9,999005E+1
4,054687E+3	9,996887E+1
4,056250E+3	9,994763E+1
4,057812E+3	9,995913E+1
4,059375E+3	9,997061E+1
4,060937E+3	9,957255E+1
4,062500E+3	9,915538E+1
4,064062E+3	9,955310E+1
4,065625E+3	9,993340E+1
4,067187E+3	1,002392E+2
4,068750E+3	1,005345E+2
4,070312E+3	1,007590E+2
4,071875E+3	1,009778E+2
4,073437E+3	1,011343E+2
4,075000E+3	1,012880E+2
4,076562E+3	1,013777E+2
4,078125E+3	1,014665E+2
4,079687E+3	1,014946E+2
4,081250E+3	1,015226E+2
4,082812E+3	1,014891E+2
4,084375E+3	1,014555E+2
4,085937E+3	9,899041E+1
4,087500E+3	9,553560E+1
4,089062E+3	9,626810E+1
4,090625E+3	9,694359E+1
4,092187E+3	9,755514E+1
4,093750E+3	9,812645E+1
4,095312E+3	9,861803E+1
4,096875E+3	9,908327E+1
4,098437E+3	9,946780E+1
4,100000E+3	9,983602E+1
4,101562E+3	1,001368E+2
4,103125E+3	1,004276E+2
4,104687E+3	1,006421E+2
4,106250E+3	1,008514E+2
4,107812E+3	1,009736E+2
4,109375E+3	1,010942E+2
4,110937E+3	1,010817E+2
4,112500E+3	1,010692E+2
4,114062E+3	1,007264E+2
4,115625E+3	1,003694E+2
4,117187E+3	1,002490E+2
4,118750E+3	1,001269E+2
4,120312E+3	1,001191E+2
4,121875E+3	1,001113E+2
4,123437E+3	1,000983E+2
4,125000E+3	1,000852E+2
4,126562E+3	1,000155E+2
4,128125E+3	9,994531E+1
4,129687E+3	9,982424E+1
4,131250E+3	9,970145E+1
4,132812E+3	9,951483E+1
4,134375E+3	9,932410E+1
4,135937E+3	9,928816E+1
4,137500E+3	9,925207E+1
4,139062E+3	9,946873E+1
4,140625E+3	9,968013E+1
4,142187E+3	9,983535E+1
4,143750E+3	9,998785E+1
4,145312E+3	1,000677E+2
4,146875E+3	1,001469E+2
4,148437E+3	1,001768E+2
4,150000E+3	1,002066E+2
4,151562E+3	1,001876E+2
4,153125E+3	1,001686E+2
4,154687E+3	1,001764E+2
4,156250E+3	1,001841E+2
4,157812E+3	1,004238E+2
4,159375E+3	1,006570E+2
4,160937E+3	1,009166E+2
4,162500E+3	1,011687E+2
4,164062E+3	1,012074E+2
4,165625E+3	1,012459E+2
4,167187E+3	1,011593E+2
4,168750E+3	1,010719E+2
4,170312E+3	1,009041E+2
4,171875E+3	1,007329E+2
4,173437E+3	1,004969E+2
4,175000E+3	1,002543E+2
4,176562E+3	1,000001E+2
4,178125E+3	9,973825E+1
4,179687E+3	9,952537E+1
4,181250E+3	9,930715E+1
4,182812E+3	9,925727E+1
4,184375E+3	9,920710E+1
4,185937E+3	9,928967E+1
4,187500E+3	9,937147E+1
4,189062E+3	9,944330E+1
4,190625E+3	9,951455E+1
4,192187E+3	9,962803E+1
4,193750E+3	9,974005E+1
4,195312E+3	9,999406E+1
4,196875E+3	1,002409E+2
4,198437E+3	1,002501E+2
4,200000E+3	1,002593E+2
4,201562E+3	1,001686E+2
4,203125E+3	1,000769E+2
4,204687E+3	9,995655E+1
4,206250E+3	9,983454E+1
4,207812E+3	9,978769E+1
4,209375E+3	9,974059E+1
4,210937E+3	9,988439E+1
4,212500E+3	1,000258E+2
4,214062E+3	1,000429E+2
4,215625E+3	1,000600E+2
4,217187E+3	1,000448E+2
4,218750E+3	1,000297E+2
4,220312E+3	1,000193E+2
4,221875E+3	1,000088E+2
4,223437E+3	1,000090E+2
4,225000E+3	1,000092E+2
4,226562E+3	1,000017E+2
4,228125E+3	9,999409E+1
4,229687E+3	9,999606E+1
4,231250E+3	9,999802E+1
4,232812E+3	1,000108E+2
4,234375E+3	1,000236E+2
4,235937E+3	1,000341E+2
4,237500E+3	1,000447E+2
4,239062E+3	1,000378E+2
4,240625E+3	1,000309E+2
4,242187E+3	1,000192E+2
4,243750E+3	1,000074E+2
4,245312E+3	9,999900E+1
4,246875E+3	9,999058E+1
4,248437E+3	9,998755E+1
4,250000E+3	9,998453E+1
4,251562E+3	9,999869E+1
4,253125E+3	1,000128E+2
4,254687E+3	1,000216E+2
4,256250E+3	1,000304E+2
4,257812E+3	1,000203E+2
4,259375E+3	1,000102E+2
4,260937E+3	9,998867E+1
4,262500E+3	9,996709E+1
4,264062E+3	9,996225E+1
4,265625E+3	9,995741E+1
4,267187E+3	9,997803E+1
4,268750E+3	9,999861E+1
4,270312E+3	1,000121E+2
4,271875E+3	1,000257E+2
4,273437E+3	1,000328E+2
4,275000E+3	1,000399E+2
4,276562E+3	1,000307E+2
4,278125E+3	1,000215E+2
4,279687E+3	9,999941E+1
4,281250E+3	9,997728E+1
4,282812E+3	9,994954E+1
4,284375E+3	9,992171E+1
4,285937E+3	9,992649E+1
4,287500E+3	9,993128E+1
4,289062E+3	9,995603E+1
4,290625E+3	9,998071E+1
4,292187E+3	1,000126E+2
4,293750E+3	1,000443E+2
4,295312E+3	1,000665E+2
4,296875E+3	1,000886E+2
4,298437E+3	1,000891E+2
4,300000E+3	1,000896E+2
4,301562E+3	1,000773E+2
4,303125E+3	1,000649E+2
4,304687E+3	1,000423E+2
4,306250E+3	1,000196E+2
4,307812E+3	1,000014E+2
4,309375E+3	9,998322E+1
4,310937E+3	9,997410E+1
4,312500E+3	9,996497E+1
4,314062E+3	9,995922E+1
4,315625E+3	9,995346E+1
4,317187E+3	9,995097E+1
4,318750E+3	9,994848E+1
4,320312E+3	9,995367E+1
4,321875E+3	9,995886E+1
4,323437E+3	9,996380E+1
