Sample 1_Frequency [Hz]	Absorption Coefficient on Cavity	
3,000000E+2	5,185184E-1
3,015625E+2	5,159206E-1
3,031250E+2	5,126063E-1
3,046875E+2	5,085773E-1
3,062500E+2	5,035452E-1
3,078125E+2	5,001103E-1
3,093750E+2	4,957418E-1
3,109375E+2	4,944870E-1
3,125000E+2	4,927317E-1
3,140625E+2	4,907150E-1
3,156250E+2	4,881989E-1
3,171875E+2	4,856581E-1
3,187500E+2	4,826436E-1
3,203125E+2	4,802755E-1
3,218750E+2	4,774873E-1
3,234375E+2	4,757473E-1
3,250000E+2	4,736744E-1
3,265625E+2	4,719218E-1
3,281250E+2	4,698478E-1
3,296875E+2	4,685201E-1
3,312500E+2	4,669366E-1
3,328125E+2	4,660104E-1
3,343750E+2	4,648948E-1
3,359375E+2	4,640555E-1
3,375000E+2	4,630698E-1
3,390625E+2	4,620662E-1
3,406250E+2	4,609297E-1
3,421875E+2	4,597610E-1
3,437500E+2	4,584643E-1
3,453125E+2	4,569922E-1
3,468750E+2	4,553833E-1
3,484375E+2	4,535908E-1
3,500000E+2	4,516488E-1
3,515625E+2	4,489663E-1
3,531250E+2	4,460786E-1
3,546875E+2	4,430572E-1
3,562500E+2	4,398003E-1
3,578125E+2	4,368023E-1
3,593750E+2	4,335552E-1
3,609375E+2	4,300960E-1
3,625000E+2	4,262940E-1
3,640625E+2	4,178276E-1
3,656250E+2	4,059200E-1
3,671875E+2	4,049545E-1
3,687500E+2	4,039237E-1
3,703125E+2	4,027955E-1
3,718750E+2	4,016033E-1
3,734375E+2	4,004814E-1
3,750000E+2	3,992960E-1
3,765625E+2	3,981122E-1
3,781250E+2	3,968637E-1
3,796875E+2	3,955167E-1
3,812500E+2	3,940960E-1
3,828125E+2	3,928348E-1
3,843750E+2	3,914825E-1
3,859375E+2	3,894573E-1
3,875000E+2	3,872303E-1
3,890625E+2	3,857280E-1
3,906250E+2	3,840120E-1
3,921875E+2	3,820732E-1
3,937500E+2	3,799734E-1
3,953125E+2	3,779187E-1
3,968750E+2	3,757333E-1
3,984375E+2	3,727445E-1
4,000000E+2	3,695881E-1
4,015625E+2	3,664650E-1
4,031250E+2	3,630995E-1
4,046875E+2	3,602927E-1
4,062500E+2	3,572706E-1
4,078125E+2	3,543907E-1
4,093750E+2	3,513484E-1
4,109375E+2	3,498090E-1
4,125000E+2	3,481572E-1
4,140625E+2	3,481417E-1
4,156250E+2	3,480192E-1
4,171875E+2	3,483893E-1
4,187500E+2	3,485316E-1
4,203125E+2	3,469869E-1
4,218750E+2	3,452682E-1
4,234375E+2	3,442485E-1
4,250000E+2	3,430993E-1
4,265625E+2	3,418804E-1
4,281250E+2	3,405597E-1
4,296875E+2	3,396609E-1
4,312500E+2	3,386702E-1
4,328125E+2	3,390659E-1
4,343750E+2	3,393208E-1
4,359375E+2	3,395807E-1
4,375000E+2	3,396825E-1
4,390625E+2	3,383397E-1
4,406250E+2	3,368936E-1
4,421875E+2	3,354228E-1
4,437500E+2	3,338758E-1
4,453125E+2	3,328704E-1
4,468750E+2	3,317980E-1
4,484375E+2	3,323928E-1
4,500000E+2	3,329109E-1
4,515625E+2	3,334776E-1
4,531250E+2	3,339336E-1
4,546875E+2	3,360979E-1
4,562500E+2	3,380325E-1
4,578125E+2	3,397204E-1
4,593750E+2	3,412666E-1
4,609375E+2	3,443277E-1
4,625000E+2	3,472742E-1
4,640625E+2	3,499241E-1
4,656250E+2	3,524763E-1
4,671875E+2	3,529435E-1
4,687500E+2	3,533238E-1
4,703125E+2	3,508040E-1
4,718750E+2	3,481610E-1
4,734375E+2	3,431374E-1
4,750000E+2	3,380300E-1
4,765625E+2	3,347775E-1
4,781250E+2	3,314657E-1
4,796875E+2	3,326965E-1
4,812500E+2	3,338113E-1
4,828125E+2	3,365410E-1
4,843750E+2	3,391071E-1
4,859375E+2	3,436416E-1
4,875000E+2	3,479334E-1
4,890625E+2	3,511684E-1
4,906250E+2	3,542062E-1
4,921875E+2	3,542664E-1
4,937500E+2	3,542248E-1
4,953125E+2	3,519332E-1
4,968750E+2	3,495810E-1
4,984375E+2	3,478264E-1
5,000000E+2	3,459956E-1
5,015625E+2	3,494957E-1
5,031250E+2	3,527435E-1
5,046875E+2	3,573968E-1
5,062500E+2	3,617979E-1
5,078125E+2	3,652792E-1
5,093750E+2	3,685626E-1
5,109375E+2	3,721293E-1
5,125000E+2	3,754842E-1
5,140625E+2	3,767100E-1
5,156250E+2	3,777722E-1
5,171875E+2	3,770334E-1
5,187500E+2	3,761567E-1
5,203125E+2	3,735023E-1
5,218750E+2	3,707492E-1
5,234375E+2	3,682581E-1
5,250000E+2	3,656674E-1
5,265625E+2	3,648898E-1
5,281250E+2	3,639821E-1
5,296875E+2	3,677230E-1
5,312500E+2	3,711369E-1
5,328125E+2	3,790493E-1
5,343750E+2	3,862156E-1
5,359375E+2	3,913298E-1
5,375000E+2	3,959357E-1
5,390625E+2	3,952081E-1
5,406250E+2	3,943573E-1
5,421875E+2	3,917165E-1
5,437500E+2	3,890672E-1
5,453125E+2	3,872557E-1
5,468750E+2	3,854201E-1
5,484375E+2	3,881161E-1
5,500000E+2	3,905691E-1
5,515625E+2	3,972150E-1
5,531250E+2	4,033005E-1
5,546875E+2	4,078505E-1
5,562500E+2	4,119604E-1
5,578125E+2	4,147079E-1
5,593750E+2	4,170709E-1
5,609375E+2	4,181511E-1
5,625000E+2	4,188452E-1
5,640625E+2	4,208266E-1
5,656250E+2	4,223250E-1
5,671875E+2	4,252826E-1
5,687500E+2	4,278730E-1
5,703125E+2	4,290253E-1
5,718750E+2	4,299816E-1
5,734375E+2	4,313123E-1
5,750000E+2	4,323626E-1
5,765625E+2	4,340116E-1
5,781250E+2	4,352346E-1
5,796875E+2	4,375554E-1
5,812500E+2	4,392679E-1
5,828125E+2	4,413090E-1
5,843750E+2	4,428459E-1
5,859375E+2	4,433696E-1
5,875000E+2	4,435603E-1
5,890625E+2	4,436828E-1
5,906250E+2	4,435299E-1
5,921875E+2	4,448851E-1
5,937500E+2	4,458709E-1
5,953125E+2	4,486956E-1
5,968750E+2	4,508303E-1
5,984375E+2	4,538428E-1
6,000000E+2	4,561386E-1
6,015625E+2	4,582143E-1
6,031250E+2	4,594467E-1
6,046875E+2	4,601265E-1
6,062500E+2	4,603576E-1
6,078125E+2	4,610550E-1
6,093750E+2	4,613064E-1
6,109375E+2	4,630378E-1
6,125000E+2	4,640947E-1
6,140625E+2	4,674834E-1
6,156250E+2	4,696139E-1
6,171875E+2	4,709454E-1
6,187500E+2	4,715979E-1
6,203125E+2	4,712714E-1
6,218750E+2	4,705035E-1
6,234375E+2	4,699208E-1
6,250000E+2	4,687988E-1
6,265625E+2	4,694912E-1
6,281250E+2	4,689640E-1
6,296875E+2	4,703604E-1
6,312500E+2	4,705670E-1
6,328125E+2	4,725545E-1
6,343750E+2	4,727669E-1
6,359375E+2	4,748866E-1
6,375000E+2	4,751418E-1
6,390625E+2	4,759730E-1
6,406250E+2	4,754340E-1
6,421875E+2	4,747413E-1
6,437500E+2	4,726130E-1
6,453125E+2	4,717172E-1
6,468750E+2	4,692460E-1
6,484375E+2	4,697851E-1
6,500000E+2	4,682509E-1
6,515625E+2	4,690254E-1
6,531250E+2	4,675273E-1
6,546875E+2	4,676054E-1
6,562500E+2	4,653443E-1
6,578125E+2	4,649670E-1
6,593750E+2	4,616293E-1
6,609375E+2	4,636770E-1
6,625000E+2	4,608123E-1
6,640625E+2	4,624741E-1
6,656250E+2	4,611461E-1
6,671875E+2	4,622970E-1
6,687500E+2	4,612396E-1
6,703125E+2	4,616910E-1
6,718750E+2	4,600178E-1
6,734375E+2	4,597485E-1
6,750000E+2	4,562377E-1
6,765625E+2	4,563868E-1
6,781250E+2	4,521893E-1
6,796875E+2	4,525185E-1
6,812500E+2	4,493596E-1
6,828125E+2	4,499464E-1
6,843750E+2	4,488283E-1
6,859375E+2	4,495323E-1
6,875000E+2	4,492049E-1
6,890625E+2	4,509770E-1
6,906250E+2	3,421823E-1
6,921875E+2	3,430898E-1
6,937500E+2	3,434002E-1
6,953125E+2	3,422393E-1
6,968750E+2	3,406307E-1
6,984375E+2	3,384228E-1
7,000000E+2	3,356795E-1
7,015625E+2	3,338860E-1
7,031250E+2	3,315481E-1
7,046875E+2	3,311824E-1
7,062500E+2	3,304413E-1
7,078125E+2	3,289179E-1
7,093750E+2	3,267420E-1
7,109375E+2	3,249626E-1
7,125000E+2	3,223904E-1
7,140625E+2	3,208095E-1
7,156250E+2	3,187598E-1
7,171875E+2	3,164097E-1
7,187500E+2	3,135836E-1
7,203125E+2	3,108671E-1
7,218750E+2	3,076475E-1
7,234375E+2	3,053465E-1
7,250000E+2	3,025484E-1
7,265625E+2	3,014083E-1
7,281250E+2	2,998898E-1
7,296875E+2	2,989078E-1
7,312500E+2	2,975728E-1
7,328125E+2	2,958348E-1
7,343750E+2	2,936343E-1
7,359375E+2	2,914002E-1
7,375000E+2	2,887635E-1
7,390625E+2	2,859577E-1
7,406250E+2	2,827729E-1
7,421875E+2	2,807269E-1
7,437500E+2	2,784066E-1
7,453125E+2	2,769590E-1
7,468750E+2	2,752681E-1
7,484375E+2	2,735207E-1
7,500000E+2	2,715008E-1
7,515625E+2	2,688163E-1
7,531250E+2	2,658070E-1
7,546875E+2	2,633225E-1
7,562500E+2	2,605238E-1
7,578125E+2	2,589108E-1
7,593750E+2	2,570835E-1
7,609375E+2	2,561355E-1
7,625000E+2	2,550319E-1
7,640625E+2	2,539306E-1
7,656250E+2	2,526492E-1
7,671875E+2	2,515986E-1
7,687500E+2	2,503586E-1
7,703125E+2	2,497893E-1
7,718750E+2	2,490956E-1
7,734375E+2	2,477698E-1
7,750000E+2	2,463086E-1
7,765625E+2	2,444385E-1
7,781250E+2	2,424098E-1
7,796875E+2	2,397891E-1
7,812500E+2	2,369666E-1
7,828125E+2	2,341252E-1
7,843750E+2	2,310852E-1
7,859375E+2	2,294890E-1
7,875000E+2	2,277591E-1
7,890625E+2	2,255137E-1
7,906250E+2	2,231052E-1
7,921875E+2	2,208103E-1
7,937500E+2	2,183432E-1
7,953125E+2	2,171566E-1
7,968750E+2	2,158573E-1
7,984375E+2	2,156443E-1
8,000000E+2	2,153845E-1
8,015625E+2	2,150477E-1
8,031250E+2	2,146642E-1
8,046875E+2	2,146242E-1
8,062500E+2	2,145310E-1
8,078125E+2	2,146946E-1
8,093750E+2	2,147541E-1
8,109375E+2	2,148038E-1
8,125000E+2	2,147840E-1
8,140625E+2	2,146920E-1
8,156250E+2	2,145590E-1
8,171875E+2	2,139285E-1
8,187500E+2	2,132520E-1
8,203125E+2	2,129389E-1
8,218750E+2	2,125719E-1
8,234375E+2	2,115365E-1
8,250000E+2	2,104205E-1
8,265625E+2	2,088562E-1
8,281250E+2	2,072177E-1
8,296875E+2	2,061800E-1
8,312500E+2	2,050808E-1
8,328125E+2	2,049250E-1
8,343750E+2	2,047219E-1
8,359375E+2	2,036573E-1
8,375000E+2	2,025348E-1
8,390625E+2	2,009218E-1
8,406250E+2	1,992336E-1
8,421875E+2	1,995293E-1
8,437500E+2	1,997509E-1
8,453125E+2	2,009659E-1
8,468750E+2	2,021173E-1
8,484375E+2	2,021800E-1
8,500000E+2	2,021942E-1
8,515625E+2	2,015434E-1
8,531250E+2	2,008516E-1
8,546875E+2	2,008256E-1
8,562500E+2	2,007595E-1
8,578125E+2	2,014615E-1
8,593750E+2	2,021150E-1
8,609375E+2	2,023136E-1
8,625000E+2	2,024394E-1
8,640625E+2	2,012333E-1
8,656250E+2	1,999335E-1
8,671875E+2	1,981985E-1
8,687500E+2	1,963665E-1
8,703125E+2	1,961638E-1
8,718750E+2	1,957790E-1
8,734375E+2	1,966541E-1
8,750000E+2	1,974944E-1
8,765625E+2	1,980046E-1
8,781250E+2	1,984897E-1
8,796875E+2	1,987547E-1
8,812500E+2	1,989890E-1
8,828125E+2	1,963741E-1
8,843750E+2	1,933126E-1
8,859375E+2	1,937761E-1
8,875000E+2	1,942132E-1
8,890625E+2	1,945495E-1
8,906250E+2	1,948597E-1
8,921875E+2	1,948888E-1
8,937500E+2	1,948892E-1
8,953125E+2	1,951754E-1
8,968750E+2	1,954267E-1
8,984375E+2	1,960000E-1
9,000000E+2	1,965329E-1
9,015625E+2	1,970774E-1
9,031250E+2	1,975729E-1
9,046875E+2	1,977517E-1
9,062500E+2	1,978524E-1
9,078125E+2	1,986559E-1
9,093750E+2	1,992561E-1
9,109375E+2	2,008391E-1
9,125000E+2	2,021760E-1
9,140625E+2	2,064861E-1
9,156250E+2	2,100961E-1
9,171875E+2	2,105112E-1
9,187500E+2	2,108968E-1
9,203125E+2	2,111392E-1
9,218750E+2	2,113679E-1
9,234375E+2	2,115558E-1
9,250000E+2	2,117305E-1
9,265625E+2	2,120872E-1
9,281250E+2	2,124292E-1
9,296875E+2	2,126916E-1
9,312500E+2	2,129377E-1
9,328125E+2	2,131323E-1
9,343750E+2	2,133073E-1
9,359375E+2	2,137035E-1
9,375000E+2	2,140692E-1
9,390625E+2	2,148510E-1
9,406250E+2	2,155611E-1
9,421875E+2	2,167614E-1
9,437500E+2	2,178610E-1
9,453125E+2	2,186593E-1
9,468750E+2	2,194088E-1
9,484375E+2	2,199971E-1
9,500000E+2	2,205554E-1
9,515625E+2	2,212921E-1
9,531250E+2	2,220052E-1
9,546875E+2	2,224307E-1
9,562500E+2	2,228380E-1
9,578125E+2	2,232616E-1
9,593750E+2	2,236692E-1
9,609375E+2	2,240979E-1
9,625000E+2	2,245111E-1
9,640625E+2	2,249784E-1
9,656250E+2	2,254285E-1
9,671875E+2	2,261204E-1
9,687500E+2	2,267892E-1
9,703125E+2	2,275934E-1
9,718750E+2	2,283601E-1
9,734375E+2	2,317435E-1
9,750000E+2	2,341347E-1
9,765625E+2	2,347821E-1
9,781250E+2	2,354058E-1
9,796875E+2	2,358003E-1
9,812500E+2	2,361820E-1
9,828125E+2	2,367720E-1
9,843750E+2	2,373481E-1
9,859375E+2	2,378204E-1
9,875000E+2	2,382797E-1
9,890625E+2	2,385596E-1
9,906250E+2	2,388291E-1
9,921875E+2	2,388223E-1
9,937500E+2	2,388086E-1
9,953125E+2	2,395308E-1
9,968750E+2	2,402385E-1
9,984375E+2	2,421576E-1
1,000000E+3	2,411853E-1
1,001562E+3	2,416130E-1
1,003125E+3	2,420349E-1
1,004687E+3	2,421819E-1
1,006250E+3	2,423251E-1
1,007812E+3	2,425014E-1
1,009375E+3	2,426734E-1
1,010937E+3	2,429310E-1
1,012500E+3	2,431838E-1
1,014062E+3	2,434256E-1
1,015625E+3	2,436632E-1
1,017187E+3	2,437485E-1
1,018750E+3	2,438315E-1
1,020312E+3	2,436989E-1
1,021875E+3	2,435664E-1
1,023437E+3	2,384120E-1
1,025000E+3	2,296815E-1
1,026562E+3	2,296398E-1
1,028125E+3	2,296011E-1
1,029687E+3	2,296048E-1
1,031250E+3	2,296107E-1
1,032812E+3	2,299325E-1
1,034375E+3	2,302534E-1
1,035937E+3	2,301013E-1
1,037500E+3	2,299524E-1
1,039062E+3	2,298327E-1
1,040625E+3	2,297157E-1
1,042187E+3	2,295969E-1
1,043750E+3	2,294810E-1
1,045312E+3	2,293097E-1
1,046875E+3	2,291421E-1
1,048437E+3	2,289468E-1
1,050000E+3	2,287558E-1
1,051562E+3	2,284397E-1
1,053125E+3	2,281295E-1
1,054687E+3	2,279673E-1
1,056250E+3	2,278109E-1
1,057812E+3	2,253597E-1
1,059375E+3	2,218487E-1
1,060937E+3	2,162731E-1
1,062500E+3	2,104090E-1
1,064062E+3	2,092068E-1
1,065625E+3	2,079412E-1
1,067187E+3	2,068344E-1
1,068750E+3	2,056793E-1
1,070312E+3	2,043351E-1
1,071875E+3	2,029076E-1
1,073437E+3	2,013288E-1
1,075000E+3	1,996204E-1
1,076562E+3	1,980064E-1
1,078125E+3	1,963083E-1
1,079687E+3	1,947270E-1
1,081250E+3	1,930838E-1
1,082812E+3	1,916755E-1
1,084375E+3	1,901505E-1
1,085937E+3	1,884452E-1
1,087500E+3	1,863695E-1
1,089062E+3	1,840794E-1
1,090625E+3	1,811276E-1
1,092187E+3	1,796684E-1
1,093750E+3	1,779656E-1
1,095312E+3	1,764176E-1
1,096875E+3	1,747198E-1
1,098437E+3	1,734379E-1
1,100000E+3	1,719871E-1
1,101562E+3	1,707532E-1
1,103125E+3	1,692484E-1
1,104687E+3	1,685294E-1
1,106250E+3	1,672737E-1
1,107812E+3	1,666308E-1
1,109375E+3	1,652463E-1
1,110937E+3	1,644445E-1
1,112500E+3	1,626395E-1
1,114062E+3	1,621108E-1
1,115625E+3	1,599866E-1
1,117187E+3	1,592662E-1
1,118750E+3	1,569659E-1
1,120312E+3	1,560313E-1
1,121875E+3	1,538315E-1
1,123437E+3	1,534659E-1
1,125000E+3	1,513543E-1
1,126562E+3	1,525062E-1
1,128125E+3	1,501188E-1
1,129687E+3	1,522595E-1
1,131250E+3	1,489754E-1
1,132812E+3	1,512123E-1
1,134375E+3	1,476616E-1
1,135937E+3	1,510493E-1
1,137500E+3	1,467735E-1
1,139062E+3	1,508781E-1
1,140625E+3	1,453998E-1
1,142187E+3	1,495116E-1
1,143750E+3	1,441192E-1
1,145312E+3	1,470635E-1
1,146875E+3	1,428791E-1
1,148437E+3	1,446773E-1
1,150000E+3	1,420838E-1
1,151562E+3	1,431591E-1
1,153125E+3	1,412004E-1
1,154687E+3	1,419105E-1
1,156250E+3	1,403983E-1
1,157812E+3	1,409102E-1
1,159375E+3	1,395255E-1
1,160937E+3	1,397228E-1
1,162500E+3	1,383084E-1
1,164062E+3	1,392742E-1
1,165625E+3	1,392290E-1
1,167187E+3	1,400235E-1
1,168750E+3	1,401733E-1
1,170312E+3	1,398353E-1
1,171875E+3	1,388910E-1
1,173437E+3	1,430956E-1
1,175000E+3	1,429067E-1
1,176562E+3	1,447305E-1
1,178125E+3	1,463951E-1
1,179687E+3	1,466037E-1
1,181250E+3	1,466544E-1
1,182812E+3	1,457433E-1
1,184375E+3	1,446475E-1
1,185937E+3	1,316183E-1
1,187500E+3	8,730215E-2
1,189062E+3	8,819162E-2
1,190625E+3	8,906318E-2
1,192187E+3	8,965614E-2
1,193750E+3	9,019856E-2
1,195312E+3	9,022882E-2
1,196875E+3	9,013655E-2
1,198437E+3	9,037829E-2
1,200000E+3	9,054421E-2
1,201562E+3	9,097230E-2
1,203125E+3	9,132737E-2
1,204687E+3	9,126925E-2
1,206250E+3	9,105064E-2
1,207812E+3	9,038806E-2
1,209375E+3	8,954558E-2
1,210937E+3	8,934335E-2
1,212500E+3	8,900579E-2
1,214062E+3	8,910738E-2
1,215625E+3	8,910836E-2
1,217187E+3	8,957528E-2
1,218750E+3	8,996209E-2
1,220312E+3	9,066215E-2
1,221875E+3	9,130889E-2
1,223437E+3	9,165215E-2
1,225000E+3	9,192246E-2
1,226562E+3	9,252513E-2
1,228125E+3	9,307091E-2
1,229687E+3	9,370179E-2
1,231250E+3	9,426708E-2
1,232812E+3	9,479029E-2
1,234375E+3	9,525571E-2
1,235937E+3	9,514854E-2
1,237500E+3	9,495772E-2
1,239062E+3	9,481500E-2
1,240625E+3	9,459288E-2
1,242187E+3	9,514215E-2
1,243750E+3	9,563838E-2
1,245312E+3	9,679019E-2
1,246875E+3	9,790899E-2
1,248437E+3	9,878710E-2
1,250000E+3	9,962979E-2
1,251562E+3	9,981919E-2
1,253125E+3	9,996618E-2
1,254687E+3	9,974671E-2
1,256250E+3	9,947754E-2
1,257812E+3	9,987776E-2
1,259375E+3	1,002314E-1
1,260937E+3	1,013207E-1
1,262500E+3	1,023714E-1
1,264062E+3	1,030297E-1
1,265625E+3	1,036328E-1
1,267187E+3	1,028490E-1
1,268750E+3	1,019813E-1
1,270312E+3	1,007240E-1
1,271875E+3	9,934884E-2
1,273437E+3	9,978163E-2
1,275000E+3	1,001690E-1
1,276562E+3	1,012591E-1
1,278125E+3	1,023328E-1
1,279687E+3	1,038372E-1
1,281250E+3	1,053282E-1
1,282812E+3	1,064881E-1
1,284375E+3	1,076115E-1
1,285937E+3	1,076106E-1
1,287500E+3	1,075313E-1
1,289062E+3	1,075217E-1
1,290625E+3	1,074640E-1
1,292187E+3	1,087345E-1
1,293750E+3	1,099761E-1
1,295312E+3	1,113341E-1
1,296875E+3	1,126614E-1
1,298437E+3	1,130558E-1
1,300000E+3	1,134097E-1
1,301562E+3	1,132987E-1
1,303125E+3	1,131326E-1
1,304687E+3	1,131266E-1
1,306250E+3	1,130709E-1
1,307812E+3	1,139153E-1
1,309375E+3	1,147148E-1
1,310937E+3	1,166086E-1
1,312500E+3	1,184591E-1
1,314062E+3	1,193770E-1
1,315625E+3	1,202517E-1
1,317187E+3	1,202518E-1
1,318750E+3	1,202067E-1
1,320312E+3	1,200660E-1
1,321875E+3	1,198686E-1
1,323437E+3	1,215521E-1
1,325000E+3	1,231843E-1
1,326562E+3	1,247444E-1
1,328125E+3	1,262496E-1
1,329687E+3	1,275221E-1
1,331250E+3	1,287457E-1
1,332812E+3	1,294345E-1
1,334375E+3	1,300661E-1
1,335937E+3	1,303786E-1
1,337500E+3	1,306318E-1
1,339062E+3	1,304660E-1
1,340625E+3	1,302485E-1
1,342187E+3	1,304983E-1
1,343750E+3	1,306592E-1
1,345312E+3	1,333688E-1
1,346875E+3	1,359581E-1
1,348437E+3	1,390761E-1
1,350000E+3	1,421147E-1
1,351562E+3	1,373995E-1
1,353125E+3	1,325188E-1
1,354687E+3	1,316253E-1
1,356250E+3	1,306919E-1
1,357812E+3	1,302257E-1
1,359375E+3	1,296952E-1
1,360937E+3	1,300040E-1
1,362500E+3	1,302259E-1
1,364062E+3	1,313783E-1
1,365625E+3	1,324584E-1
1,367187E+3	1,342975E-1
1,368750E+3	1,360451E-1
1,370312E+3	1,381568E-1
1,371875E+3	1,401531E-1
1,373437E+3	1,413316E-1
1,375000E+3	1,423828E-1
1,376562E+3	1,414977E-1
1,378125E+3	1,405416E-1
1,379687E+3	1,401333E-1
1,381250E+3	1,396634E-1
1,382812E+3	1,405593E-1
1,384375E+3	1,413565E-1
1,385937E+3	1,433279E-1
1,387500E+3	1,451655E-1
1,389062E+3	1,469728E-1
1,390625E+3	1,486452E-1
1,392187E+3	1,510085E-1
1,393750E+3	1,531773E-1
1,395312E+3	1,542999E-1
1,396875E+3	1,552038E-1
1,398437E+3	1,547862E-1
1,400000E+3	1,542453E-1
1,401562E+3	1,531264E-1
1,403125E+3	1,519424E-1
1,404687E+3	1,513687E-1
1,406250E+3	1,506914E-1
1,407812E+3	1,514365E-1
1,409375E+3	1,520069E-1
1,410937E+3	1,527555E-1
1,412500E+3	1,533143E-1
1,414062E+3	1,544558E-1
1,415625E+3	1,553988E-1
1,417187E+3	1,568784E-1
1,418750E+3	1,581160E-1
1,420312E+3	1,586692E-1
1,421875E+3	1,590253E-1
1,423437E+3	1,590331E-1
1,425000E+3	1,588796E-1
1,426562E+3	1,597426E-1
1,428125E+3	1,603679E-1
1,429687E+3	1,614719E-1
1,431250E+3	1,623085E-1
1,432812E+3	1,634523E-1
1,434375E+3	1,642789E-1
1,435937E+3	1,652458E-1
1,437500E+3	1,659010E-1
1,439062E+3	1,657134E-1
1,440625E+3	1,652306E-1
1,442187E+3	1,650783E-1
1,443750E+3	1,645835E-1
1,445312E+3	1,655863E-1
1,446875E+3	1,661847E-1
1,448437E+3	1,670980E-1
1,450000E+3	1,676542E-1
1,451562E+3	1,681369E-1
1,453125E+3	1,682028E-1
1,454687E+3	1,689057E-1
1,456250E+3	1,690060E-1
1,457812E+3	1,697996E-1
1,459375E+3	1,699034E-1
1,460937E+3	1,713077E-1
1,462500E+3	1,716739E-1
1,464062E+3	1,775825E-1
1,465625E+3	1,714157E-1
1,467187E+3	1,713376E-1
1,468750E+3	1,712199E-1
1,470312E+3	1,718062E-1
1,471875E+3	1,723147E-1
1,473437E+3	1,727844E-1
1,475000E+3	1,731601E-1
1,476562E+3	1,729481E-1
1,478125E+3	1,726492E-1
1,479687E+3	1,729449E-1
1,481250E+3	1,731178E-1
1,482812E+3	1,729785E-1
1,484375E+3	1,727266E-1
1,485937E+3	1,724360E-1
1,487500E+3	1,720363E-1
1,489062E+3	1,715837E-1
1,490625E+3	1,710197E-1
1,492187E+3	3,115929E-1
1,493750E+3	1,663251E-1
1,495312E+3	1,686620E-1
1,496875E+3	1,672610E-1
1,498437E+3	1,695683E-1
1,500000E+3	1,681850E-1
1,501562E+3	1,705265E-1
1,503125E+3	1,690395E-1
1,504687E+3	1,713334E-1
1,506250E+3	1,697489E-1
1,507812E+3	1,718753E-1
1,509375E+3	1,700978E-1
1,510937E+3	1,720426E-1
1,512500E+3	1,699024E-1
1,514062E+3	1,719294E-1
1,515625E+3	1,697026E-1
1,517187E+3	1,717822E-1
1,518750E+3	1,693262E-1
1,520312E+3	1,708251E-1
1,521875E+3	1,686280E-1
1,523437E+3	1,696566E-1
1,525000E+3	1,688517E-1
1,526562E+3	1,694821E-1
1,528125E+3	1,689484E-1
1,529687E+3	1,694609E-1
1,531250E+3	1,691868E-1
1,532812E+3	1,694805E-1
1,534375E+3	1,691221E-1
1,535937E+3	1,696168E-1
1,537500E+3	1,696229E-1
1,539062E+3	1,697666E-1
1,540625E+3	1,693646E-1
1,542187E+3	1,695003E-1
1,543750E+3	1,690504E-1
1,545312E+3	1,693349E-1
1,546875E+3	1,687715E-1
1,548437E+3	1,704697E-1
1,550000E+3	1,698600E-1
1,551562E+3	1,713136E-1
1,553125E+3	1,726236E-1
1,554687E+3	1,744542E-1
1,556250E+3	1,762546E-1
1,557812E+3	1,778936E-1
1,559375E+3	1,794851E-1
1,560937E+3	1,812582E-1
1,562500E+3	1,829833E-1
1,564062E+3	1,845923E-1
1,565625E+3	1,861304E-1
1,567187E+3	1,867320E-1
1,568750E+3	1,871685E-1
1,570312E+3	1,878028E-1
1,571875E+3	1,882777E-1
1,573437E+3	1,889778E-1
1,575000E+3	1,895266E-1
1,576562E+3	1,879818E-1
1,578125E+3	1,860979E-1
1,579687E+3	1,842436E-1
1,581250E+3	1,820305E-1
1,582812E+3	1,803180E-1
1,584375E+3	1,782474E-1
1,585937E+3	1,773918E-1
1,587500E+3	1,762200E-1
1,589062E+3	1,730887E-1
1,590625E+3	1,693718E-1
1,592187E+3	1,687595E-1
1,593750E+3	1,677294E-1
1,595312E+3	1,570300E-1
1,596875E+3	1,069524E-1
1,598437E+3	1,061904E-1
1,600000E+3	1,054006E-1
1,601562E+3	1,050679E-1
1,603125E+3	1,047149E-1
1,604687E+3	1,048140E-1
1,606250E+3	1,049010E-1
1,607812E+3	1,045816E-1
1,609375E+3	1,042409E-1
1,610937E+3	1,047755E-1
1,612500E+3	1,053058E-1
1,614062E+3	1,059254E-1
1,615625E+3	1,065413E-1
1,617187E+3	1,076881E-1
1,618750E+3	1,088399E-1
1,620312E+3	1,096256E-1
1,621875E+3	1,104110E-1
1,623437E+3	1,061155E-1
1,625000E+3	9,923939E-2
1,626562E+3	9,889423E-2
1,628125E+3	9,845770E-2
1,629687E+3	9,813540E-2
1,631250E+3	9,772313E-2
1,632812E+3	9,741556E-2
1,634375E+3	9,701862E-2
1,635937E+3	9,730956E-2
1,637500E+3	9,752827E-2
1,639062E+3	9,812431E-2
1,640625E+3	9,865920E-2
1,642187E+3	9,904379E-2
1,643750E+3	9,936281E-2
1,645312E+3	9,927596E-2
1,646875E+3	9,910916E-2
1,648437E+3	9,948885E-2
1,650000E+3	9,981246E-2
1,651562E+3	9,999912E-2
1,653125E+3	1,001322E-1
1,654687E+3	9,999488E-2
1,656250E+3	9,980325E-2
1,657812E+3	1,000144E-1
1,659375E+3	1,001652E-1
1,660937E+3	1,014130E-1
1,662500E+3	1,026160E-1
1,664062E+3	1,035603E-1
1,665625E+3	1,044628E-1
1,667187E+3	1,045720E-1
1,668750E+3	1,046334E-1
1,670312E+3	1,043768E-1
1,671875E+3	1,040692E-1
1,673437E+3	1,045970E-1
1,675000E+3	1,050784E-1
1,676562E+3	1,060490E-1
1,678125E+3	1,069757E-1
1,679687E+3	1,072912E-1
1,681250E+3	1,075568E-1
1,682812E+3	1,078240E-1
1,684375E+3	1,080431E-1
1,685937E+3	1,088113E-1
1,687500E+3	1,095395E-1
1,689062E+3	1,104050E-1
1,690625E+3	1,112265E-1
1,692187E+3	1,117269E-1
1,693750E+3	1,121899E-1
1,695312E+3	1,126864E-1
1,696875E+3	1,131484E-1
1,698437E+3	1,139994E-1
1,700000E+3	1,148141E-1
1,701562E+3	1,155072E-1
1,703125E+3	1,161523E-1
1,704687E+3	1,160682E-1
1,706250E+3	1,159357E-1
1,707812E+3	1,163097E-1
1,709375E+3	1,166315E-1
1,710937E+3	1,170860E-1
1,712500E+3	1,174882E-1
1,714062E+3	1,176466E-1
1,715625E+3	1,177679E-1
1,717187E+3	1,183876E-1
1,718750E+3	1,189768E-1
1,720312E+3	1,201290E-1
1,721875E+3	1,212492E-1
1,723437E+3	1,224096E-1
1,725000E+3	1,235276E-1
1,726562E+3	1,249114E-1
1,728125E+3	1,262355E-1
1,729687E+3	1,272052E-1
1,731250E+3	1,281162E-1
1,732812E+3	1,290683E-1
1,734375E+3	1,299751E-1
1,735937E+3	1,310098E-1
1,737500E+3	1,320105E-1
1,739062E+3	1,328762E-1
1,740625E+3	1,337030E-1
1,742187E+3	1,343369E-1
1,743750E+3	1,349191E-1
1,745312E+3	1,359081E-1
1,746875E+3	1,368400E-1
1,748437E+3	1,383401E-1
1,750000E+3	1,397971E-1
1,751562E+3	1,409600E-1
1,753125E+3	1,420817E-1
1,754687E+3	1,425821E-1
1,756250E+3	1,430298E-1
1,757812E+3	1,434807E-1
1,759375E+3	1,438769E-1
1,760937E+3	1,447581E-1
1,762500E+3	1,455948E-1
1,764062E+3	1,465187E-1
1,765625E+3	1,473991E-1
1,767187E+3	1,480667E-1
1,768750E+3	1,486934E-1
1,770312E+3	1,493191E-1
1,771875E+3	1,498976E-1
1,773437E+3	1,511261E-1
1,775000E+3	1,522921E-1
1,776562E+3	1,536154E-1
1,778125E+3	1,548730E-1
1,779687E+3	1,559676E-1
1,781250E+3	1,569937E-1
1,782812E+3	1,569927E-1
1,784375E+3	1,569517E-1
1,785937E+3	1,566374E-1
1,787500E+3	1,562963E-1
1,789062E+3	1,556007E-1
1,790625E+3	1,548818E-1
1,792187E+3	1,547041E-1
1,793750E+3	1,544895E-1
1,795312E+3	1,543733E-1
1,796875E+3	1,542198E-1
1,798437E+3	1,537534E-1
1,800000E+3	1,532551E-1
1,801562E+3	1,538151E-1
1,803125E+3	1,543314E-1
1,804687E+3	1,550735E-1
1,806250E+3	1,557693E-1
1,807812E+3	1,562257E-1
1,809375E+3	1,566278E-1
1,810937E+3	1,512793E-1
1,812500E+3	1,459805E-1
1,814062E+3	1,450900E-1
1,815625E+3	1,441802E-1
1,817187E+3	1,434832E-1
1,818750E+3	1,427614E-1
1,820312E+3	1,419218E-1
1,821875E+3	1,410487E-1
1,823437E+3	1,401987E-1
1,825000E+3	1,393257E-1
1,826562E+3	1,378712E-1
1,828125E+3	1,364071E-1
1,829687E+3	1,349745E-1
1,831250E+3	1,335342E-1
1,832812E+3	1,325084E-1
1,834375E+3	1,314679E-1
1,835937E+3	1,301022E-1
1,837500E+3	1,287260E-1
1,839062E+3	1,274634E-1
1,840625E+3	1,261909E-1
1,842187E+3	1,245259E-1
1,843750E+3	1,228605E-1
1,845312E+3	1,209450E-1
1,846875E+3	1,190341E-1
1,848437E+3	1,173140E-1
1,850000E+3	1,155958E-1
1,851562E+3	1,140677E-1
1,853125E+3	1,125382E-1
1,854687E+3	1,116364E-1
1,856250E+3	1,107181E-1
1,857812E+3	1,098839E-1
1,859375E+3	1,090295E-1
1,860937E+3	1,078057E-1
1,862500E+3	1,065724E-1
1,864062E+3	1,048125E-1
1,865625E+3	1,030616E-1
1,867187E+3	1,011746E-1
1,868750E+3	9,930496E-2
1,870312E+3	9,712808E-2
1,871875E+3	9,497865E-2
1,873437E+3	9,282684E-2
1,875000E+3	9,070267E-2
1,876562E+3	8,909303E-2
1,878125E+3	8,748978E-2
1,879687E+3	8,639990E-2
1,881250E+3	8,529181E-2
1,882812E+3	8,421252E-2
1,884375E+3	8,312332E-2
1,885937E+3	8,216384E-2
1,887500E+3	8,118919E-2
1,889062E+3	7,976343E-2
1,890625E+3	7,834308E-2
1,892187E+3	7,638242E-2
1,893750E+3	7,445213E-2
1,895312E+3	7,303876E-2
1,896875E+3	7,163340E-2
1,898437E+3	7,189048E-2
1,900000E+3	7,204464E-2
1,901562E+3	7,227320E-2
1,903125E+3	7,241374E-2
1,904687E+3	7,182608E-2
1,906250E+3	7,120057E-2
1,907812E+3	7,009030E-2
1,909375E+3	6,897197E-2
1,910937E+3	6,775659E-2
1,912500E+3	6,653523E-2
1,914062E+3	6,546555E-2
1,915625E+3	6,436430E-2
1,917187E+3	6,349322E-2
1,918750E+3	6,259069E-2
1,920312E+3	6,108724E-2
1,921875E+3	5,958839E-2
1,923437E+3	5,819540E-2
1,925000E+3	5,680115E-2
1,926562E+3	5,647298E-2
1,928125E+3	5,608051E-2
1,929687E+3	5,645394E-2
1,931250E+3	5,671596E-2
1,932812E+3	5,669109E-2
1,934375E+3	5,655796E-2
1,935937E+3	5,625437E-2
1,937500E+3	5,582548E-2
1,939062E+3	5,571606E-2
1,940625E+3	5,544489E-2
1,942187E+3	5,479933E-2
1,943750E+3	5,402758E-2
1,945312E+3	5,282686E-2
1,946875E+3	5,153874E-2
1,948437E+3	5,080812E-2
1,950000E+3	5,000348E-2
1,951562E+3	4,942414E-2
1,953125E+3	4,877585E-2
1,954687E+3	4,841394E-2
1,956250E+3	4,795817E-2
1,957812E+3	4,729785E-2
1,959375E+3	4,650433E-2
1,960937E+3	4,578798E-2
1,962500E+3	4,486372E-2
1,964062E+3	4,522397E-2
1,965625E+3	4,509127E-2
1,967187E+3	4,624964E-2
1,968750E+3	4,651946E-2
1,970312E+3	4,683499E-2
1,971875E+3	4,647907E-2
1,973437E+3	4,656456E-2
1,975000E+3	4,623499E-2
1,976562E+3	4,628120E-2
1,978125E+3	4,597232E-2
1,979687E+3	4,593051E-2
1,981250E+3	4,543838E-2
1,982812E+3	4,527631E-2
1,984375E+3	4,410542E-2
1,985937E+3	4,498066E-2
1,987500E+3	4,370367E-2
1,989062E+3	4,464887E-2
1,990625E+3	4,395320E-2
1,992187E+3	4,497832E-2
1,993750E+3	4,415280E-2
1,995312E+3	4,523773E-2
1,996875E+3	4,314300E-2
1,998437E+3	4,549281E-2
2,000000E+3	4,152641E-2
2,001562E+3	4,613726E-2
2,003125E+3	4,159309E-2
2,004687E+3	4,749542E-2
2,006250E+3	4,190429E-2
2,007812E+3	4,735516E-2
2,009375E+3	4,072801E-2
2,010937E+3	4,368824E-2
2,012500E+3	3,912278E-2
2,014062E+3	4,118596E-2
2,015625E+3	3,926029E-2
2,017187E+3	4,171768E-2
2,018750E+3	4,139591E-2
2,020312E+3	4,297665E-2
2,021875E+3	4,239031E-2
2,023437E+3	4,304607E-2
2,025000E+3	4,209932E-2
2,026562E+3	4,256621E-2
2,028125E+3	4,208680E-2
2,029687E+3	4,267451E-2
2,031250E+3	4,249444E-2
2,032812E+3	4,308359E-2
2,034375E+3	4,304581E-2
2,035937E+3	4,332092E-2
2,037500E+3	4,298495E-2
2,039062E+3	4,329810E-2
2,040625E+3	4,305155E-2
2,042187E+3	4,356487E-2
2,043750E+3	4,373826E-2
2,045312E+3	4,420922E-2
2,046875E+3	4,439482E-2
2,048437E+3	4,471524E-2
2,050000E+3	4,476523E-2
2,051562E+3	4,504915E-2
2,053125E+3	4,505397E-2
2,054687E+3	4,559949E-2
2,056250E+3	4,594385E-2
2,057812E+3	4,633145E-2
2,059375E+3	4,656373E-2
2,060937E+3	4,691273E-2
2,062500E+3	4,711517E-2
2,064062E+3	4,735617E-2
2,065625E+3	4,739111E-2
2,067187E+3	4,765547E-2
2,068750E+3	4,775652E-2
2,070312E+3	4,849512E-2
2,071875E+3	4,913617E-2
2,073437E+3	4,966553E-2
2,075000E+3	5,011042E-2
2,076562E+3	5,044448E-2
2,078125E+3	5,068354E-2
2,079687E+3	5,090301E-2
2,081250E+3	5,103060E-2
2,082812E+3	5,102092E-2
2,084375E+3	5,092092E-2
2,085937E+3	5,139278E-2
2,087500E+3	5,180326E-2
2,089062E+3	5,319003E-2
2,090625E+3	5,452340E-2
2,092187E+3	5,543099E-2
2,093750E+3	5,625706E-2
2,095312E+3	4,838108E-2
2,096875E+3	3,769658E-2
2,098437E+3	3,816711E-2
2,100000E+3	3,860011E-2
2,101562E+3	3,903724E-2
2,103125E+3	3,943663E-2
2,104687E+3	4,039431E-2
2,106250E+3	4,133447E-2
2,107812E+3	4,223129E-2
2,109375E+3	4,311301E-2
2,110937E+3	4,374237E-2
2,112500E+3	4,434788E-2
2,114062E+3	4,505799E-2
2,115625E+3	4,574860E-2
2,117187E+3	4,614236E-2
2,118750E+3	4,649682E-2
2,120312E+3	4,703775E-2
2,121875E+3	4,755207E-2
2,123437E+3	4,811711E-2
2,125000E+3	4,866670E-2
2,126562E+3	4,907096E-2
2,128125E+3	4,945408E-2
2,129687E+3	4,977229E-2
2,131250E+3	5,005454E-2
2,132812E+3	5,098086E-2
2,134375E+3	5,187668E-2
2,135937E+3	5,335924E-2
2,137500E+3	5,483773E-2
2,139062E+3	5,593640E-2
2,140625E+3	5,702303E-2
2,142187E+3	5,770039E-2
2,143750E+3	5,836168E-2
2,145312E+3	5,907000E-2
2,146875E+3	5,976495E-2
2,148437E+3	6,077397E-2
2,150000E+3	6,176705E-2
2,151562E+3	6,354669E-2
2,153125E+3	6,530710E-2
2,154687E+3	6,658969E-2
2,156250E+3	6,785395E-2
2,157812E+3	6,876839E-2
2,159375E+3	6,966577E-2
2,160937E+3	7,539228E-2
2,162500E+3	8,118975E-2
2,164062E+3	8,050933E-2
2,165625E+3	7,982679E-2
2,167187E+3	7,925057E-2
2,168750E+3	7,867115E-2
2,170312E+3	7,837680E-2
2,171875E+3	7,807879E-2
2,173437E+3	7,794300E-2
2,175000E+3	7,780315E-2
2,176562E+3	7,769188E-2
2,178125E+3	7,757603E-2
2,179687E+3	7,783893E-2
2,181250E+3	7,809887E-2
2,182812E+3	8,726069E-2
2,184375E+3	9,580493E-2
2,185937E+3	9,661244E-2
2,187500E+3	9,741076E-2
2,189062E+3	9,640708E-2
2,190625E+3	9,538813E-2
2,192187E+3	9,568466E-2
2,193750E+3	9,597261E-2
2,195312E+3	9,608347E-2
2,196875E+3	9,618548E-2
2,198437E+3	9,611533E-2
2,200000E+3	9,603587E-2
2,201562E+3	9,574679E-2
2,203125E+3	9,544793E-2
2,204687E+3	9,557951E-2
2,206250E+3	9,570333E-2
2,207812E+3	9,599004E-2
2,209375E+3	9,626999E-2
2,210937E+3	9,611162E-2
2,212500E+3	9,594700E-2
2,214062E+3	9,556940E-2
2,215625E+3	9,518617E-2
2,217187E+3	1,011238E-1
2,218750E+3	1,066105E-1
2,220312E+3	1,067720E-1
2,221875E+3	1,069178E-1
2,223437E+3	1,070346E-1
2,225000E+3	1,071393E-1
2,226562E+3	1,072001E-1
2,228125E+3	1,072501E-1
2,229687E+3	1,073809E-1
2,231250E+3	1,075014E-1
2,232812E+3	1,074478E-1
2,234375E+3	1,073834E-1
2,235937E+3	1,072511E-1
2,237500E+3	1,071074E-1
2,239062E+3	1,071809E-1
2,240625E+3	1,072421E-1
2,242187E+3	1,073853E-1
2,243750E+3	1,075127E-1
2,245312E+3	1,082256E-1
2,246875E+3	1,089001E-1
2,248437E+3	1,103614E-1
2,250000E+3	1,117734E-1
2,251562E+3	1,122556E-1
2,253125E+3	1,127186E-1
2,254687E+3	1,131396E-1
2,256250E+3	1,135434E-1
2,257812E+3	1,140890E-1
2,259375E+3	1,146160E-1
2,260937E+3	1,145090E-1
2,262500E+3	1,143840E-1
2,264062E+3	1,148003E-1
2,265625E+3	1,151970E-1
2,267187E+3	1,153069E-1
2,268750E+3	1,153981E-1
2,270312E+3	1,151244E-1
2,271875E+3	1,148337E-1
2,273437E+3	1,142401E-1
2,275000E+3	1,136304E-1
2,276562E+3	1,140443E-1
2,278125E+3	1,144355E-1
2,279687E+3	1,194767E-1
2,281250E+3	1,236447E-1
2,282812E+3	1,233888E-1
2,284375E+3	1,231251E-1
2,285937E+3	1,222820E-1
2,287500E+3	1,214352E-1
2,289062E+3	1,205117E-1
2,290625E+3	1,195847E-1
2,292187E+3	1,185756E-1
2,293750E+3	1,175634E-1
2,295312E+3	1,251213E-1
2,296875E+3	1,310367E-1
2,298437E+3	1,367583E-1
2,300000E+3	1,400214E-1
2,301562E+3	1,393198E-1
2,303125E+3	1,386160E-1
2,304687E+3	1,377991E-1
2,306250E+3	1,369805E-1
2,307812E+3	1,361813E-1
2,309375E+3	1,353794E-1
2,310937E+3	1,345972E-1
2,312500E+3	1,338110E-1
2,314062E+3	1,340637E-1
2,315625E+3	1,342979E-1
2,317187E+3	1,338821E-1
2,318750E+3	1,334566E-1
2,320312E+3	1,337861E-1
2,321875E+3	1,340953E-1
2,323437E+3	1,338543E-1
2,325000E+3	1,336018E-1
2,326562E+3	1,342883E-1
2,328125E+3	1,349494E-1
2,329687E+3	1,358101E-1
2,331250E+3	1,366413E-1
2,332812E+3	1,461923E-1
2,334375E+3	1,496892E-1
2,335937E+3	1,504175E-1
2,337500E+3	1,508990E-1
2,339062E+3	1,514010E-1
2,340625E+3	1,516656E-1
2,342187E+3	1,526190E-1
2,343750E+3	1,532357E-1
2,345312E+3	1,553773E-1
2,346875E+3	1,570067E-1
2,348437E+3	1,595620E-1
2,350000E+3	1,615407E-1
2,351562E+3	1,634965E-1
2,353125E+3	1,649486E-1
2,354687E+3	1,664951E-1
2,356250E+3	1,675628E-1
2,357812E+3	1,680418E-1
2,359375E+3	1,681298E-1
2,360937E+3	1,684733E-1
2,362500E+3	1,683742E-1
2,364062E+3	1,695150E-1
2,365625E+3	1,698375E-1
2,367187E+3	1,714826E-1
2,368750E+3	1,722877E-1
2,370312E+3	1,732618E-1
2,371875E+3	1,736212E-1
2,373437E+3	1,740338E-1
2,375000E+3	1,738870E-1
2,376562E+3	1,747864E-1
2,378125E+3	1,748288E-1
2,379687E+3	1,761262E-1
2,381250E+3	1,759083E-1
2,382812E+3	1,760790E-1
2,384375E+3	1,746797E-1
2,385937E+3	1,751416E-1
2,387500E+3	1,740197E-1
2,389062E+3	1,763863E-1
2,390625E+3	1,764571E-1
2,392187E+3	1,793800E-1
2,393750E+3	1,792716E-1
2,395312E+3	1,810560E-1
2,396875E+3	1,795034E-1
2,398437E+3	1,807793E-1
2,400000E+3	1,781816E-1
2,401562E+3	1,805683E-1
2,403125E+3	1,759384E-1
2,404687E+3	1,819352E-1
2,406250E+3	1,754587E-1
2,407812E+3	1,840501E-1
2,409375E+3	1,747941E-1
2,410937E+3	1,875142E-1
2,412500E+3	1,717362E-1
2,414062E+3	1,840702E-1
2,415625E+3	1,701044E-1
2,417187E+3	1,789615E-1
2,418750E+3	1,696156E-1
2,420312E+3	1,761458E-1
2,421875E+3	1,699162E-1
2,423437E+3	1,757341E-1
2,425000E+3	1,709950E-1
2,426562E+3	1,760950E-1
2,428125E+3	1,710099E-1
2,429687E+3	1,725134E-1
2,431250E+3	1,694851E-1
2,432812E+3	1,698950E-1
2,434375E+3	1,670292E-1
2,435937E+3	1,673518E-1
2,437500E+3	1,649335E-1
2,439062E+3	1,652997E-1
2,440625E+3	1,630097E-1
2,442187E+3	1,619880E-1
2,443750E+3	1,577241E-1
2,445312E+3	1,565309E-1
2,446875E+3	1,534947E-1
2,448437E+3	1,535118E-1
2,450000E+3	1,526585E-1
2,451562E+3	1,537386E-1
2,453125E+3	1,542416E-1
2,454687E+3	1,549172E-1
2,456250E+3	1,550073E-1
2,457812E+3	1,548769E-1
2,459375E+3	1,541583E-1
2,460937E+3	1,543889E-1
2,462500E+3	1,541157E-1
2,464062E+3	1,536019E-1
2,465625E+3	1,525226E-1
2,467187E+3	1,512955E-1
2,468750E+3	1,494038E-1
2,470312E+3	1,481101E-1
2,471875E+3	1,461743E-1
2,473437E+3	1,448747E-1
2,475000E+3	1,430787E-1
2,476562E+3	1,424708E-1
2,478125E+3	1,415334E-1
2,479687E+3	1,413923E-1
2,481250E+3	1,409671E-1
2,482812E+3	1,415673E-1
2,484375E+3	1,419496E-1
2,485937E+3	1,416320E-1
2,487500E+3	1,410796E-1
2,489062E+3	1,392803E-1
2,490625E+3	1,371948E-1
2,492187E+3	1,350141E-1
2,493750E+3	1,325351E-1
2,495312E+3	1,311730E-1
2,496875E+3	1,295665E-1
2,498437E+3	1,300404E-1
2,500000E+3	1,303639E-1
2,501562E+3	1,070705E-1
2,503125E+3	7,840297E-2
2,504687E+3	7,759474E-2
2,506250E+3	7,658576E-2
2,507812E+3	7,597154E-2
2,509375E+3	7,519659E-2
2,510937E+3	7,466039E-2
2,512500E+3	7,401292E-2
2,514062E+3	7,425688E-2
2,515625E+3	7,442160E-2
2,517187E+3	7,455191E-2
2,518750E+3	7,460935E-2
2,520312E+3	7,386043E-2
2,521875E+3	7,303310E-2
2,523437E+3	7,192169E-2
2,525000E+3	7,072430E-2
2,526562E+3	6,968905E-2
2,528125E+3	6,854588E-2
2,529687E+3	6,775446E-2
2,531250E+3	6,684834E-2
2,532812E+3	6,660899E-2
2,534375E+3	6,628097E-2
2,535937E+3	6,645054E-2
2,537500E+3	6,656582E-2
2,539062E+3	6,648426E-2
2,540625E+3	6,633627E-2
2,542187E+3	6,593487E-2
2,543750E+3	6,546486E-2
2,545312E+3	6,490285E-2
2,546875E+3	6,428515E-2
2,548437E+3	6,382422E-2
2,550000E+3	6,332070E-2
2,551562E+3	6,272781E-2
2,553125E+3	6,208987E-2
2,554687E+3	6,102092E-2
2,556250E+3	5,988866E-2
2,557812E+3	5,832270E-2
2,559375E+3	5,665362E-2
2,560937E+3	5,558609E-2
2,562500E+3	5,443714E-2
2,564062E+3	5,455627E-2
2,565625E+3	5,463572E-2
2,567187E+3	5,450652E-2
2,568750E+3	5,434826E-2
2,570312E+3	5,391765E-2
2,571875E+3	5,345356E-2
2,573437E+3	5,255046E-2
2,575000E+3	5,159889E-2
2,576562E+3	5,102488E-2
2,578125E+3	5,039098E-2
2,579687E+3	4,987061E-2
2,581250E+3	4,930719E-2
2,582812E+3	4,861188E-2
2,584375E+3	4,788162E-2
2,585937E+3	4,742733E-2
2,587500E+3	4,694173E-2
2,589062E+3	4,602646E-2
2,590625E+3	4,508325E-2
2,592187E+3	4,340227E-2
2,593750E+3	4,169117E-2
2,595312E+3	4,066837E-2
2,596875E+3	3,961570E-2
2,598437E+3	3,977632E-2
2,600000E+3	3,990129E-2
2,601562E+3	4,015020E-2
2,603125E+3	4,036181E-2
2,604687E+3	4,026871E-2
2,606250E+3	4,014080E-2
2,607812E+3	4,042039E-2
2,609375E+3	4,067448E-2
2,610937E+3	4,051320E-2
2,612500E+3	4,033229E-2
2,614062E+3	3,958756E-2
2,615625E+3	3,882294E-2
2,617187E+3	3,755145E-2
2,618750E+3	3,625583E-2
2,620312E+3	3,543054E-2
2,621875E+3	3,458045E-2
2,623437E+3	3,427757E-2
2,625000E+3	3,394810E-2
2,626562E+3	3,353511E-2
2,628125E+3	3,310159E-2
2,629687E+3	3,261832E-2
2,631250E+3	3,211625E-2
2,632812E+3	3,221174E-2
2,634375E+3	3,228411E-2
2,635937E+3	3,243927E-2
2,637500E+3	3,256829E-2
2,639062E+3	3,232750E-2
2,640625E+3	3,206254E-2
2,642187E+3	3,160006E-2
2,643750E+3	3,111820E-2
2,645312E+3	3,066892E-2
2,646875E+3	3,020501E-2
2,648437E+3	2,976259E-2
2,650000E+3	2,930469E-2
2,651562E+3	2,951700E-2
2,653125E+3	2,968954E-2
2,654687E+3	3,063841E-2
2,656250E+3	3,152886E-2
2,657812E+3	3,196464E-2
2,659375E+3	3,237288E-2
2,660937E+3	3,180435E-2
2,662500E+3	3,122727E-2
2,664062E+3	2,963479E-2
2,665625E+3	2,804473E-2
2,667187E+3	2,762147E-2
2,668750E+3	2,717321E-2
2,670312E+3	2,765267E-2
2,671875E+3	2,809597E-2
2,673437E+3	2,814776E-2
2,675000E+3	2,817450E-2
2,676562E+3	2,732935E-2
2,678125E+3	2,647747E-2
2,679687E+3	2,536236E-2
2,681250E+3	2,424682E-2
2,682812E+3	2,417513E-2
2,684375E+3	2,407621E-2
2,685937E+3	2,420122E-2
2,687500E+3	2,428610E-2
2,689062E+3	2,404989E-2
2,690625E+3	2,378964E-2
2,692187E+3	2,319026E-2
2,693750E+3	2,258187E-2
2,695312E+3	2,220125E-2
2,696875E+3	2,180734E-2
2,698437E+3	2,175183E-2
2,700000E+3	2,166528E-2
2,701562E+3	2,143165E-2
2,703125E+3	2,113431E-2
2,704687E+3	2,104662E-2
2,706250E+3	2,091234E-2
2,707812E+3	2,049893E-2
2,709375E+3	2,006213E-2
2,710937E+3	1,181779E-2
2,712500E+3	4,023471E-3
2,714062E+3	4,071708E-3
2,715625E+3	4,106340E-3
2,717187E+3	4,157515E-3
2,718750E+3	4,192324E-3
2,720312E+3	4,038148E-3
2,721875E+3	3,862450E-3
2,723437E+3	3,771395E-3
2,725000E+3	3,622014E-3
2,726562E+3	4,030452E-3
2,728125E+3	4,254494E-3
2,729687E+3	4,515790E-3
2,731250E+3	4,753519E-3
2,732812E+3	4,379429E-3
2,734375E+3	4,006207E-3
2,735937E+3	3,851243E-3
2,737500E+3	3,695201E-3
2,739062E+3	3,411633E-3
2,740625E+3	3,128039E-3
2,742187E+3	3,151909E-3
2,743750E+3	3,172096E-3
2,745312E+3	3,150949E-3
2,746875E+3	3,125968E-3
2,748437E+3	2,997169E-3
2,750000E+3	2,865118E-3
2,751562E+3	2,962771E-3
2,753125E+3	3,054095E-3
2,754687E+3	3,225507E-3
2,756250E+3	3,388839E-3
2,757812E+3	7,485117E-3
2,759375E+3	5,827081E-3
2,760937E+3	7,495047E-3
2,762500E+3	9,164582E-3
2,764062E+3	8,322147E-3
2,765625E+3	7,400690E-3
2,767187E+3	5,411942E-3
2,768750E+3	3,469750E-3
2,770312E+3	4,759349E-3
2,771875E+3	5,821826E-3
2,773437E+3	4,684623E-3
2,775000E+3	3,541799E-3
2,776562E+3	3,522611E-3
2,778125E+3	3,426552E-3
2,779687E+3	2,454630E-3
2,781250E+3	1,479365E-3
2,782812E+3	1,819821E-3
2,784375E+3	2,078500E-3
2,785937E+3	1,883607E-3
2,787500E+3	1,643861E-3
2,789062E+3	1,114043E-3
2,790625E+3	5,619234E-4
2,792187E+3	7,746272E-4
2,793750E+3	9,274415E-4
2,795312E+3	1,373202E-3
2,796875E+3	1,754533E-3
2,798437E+3	1,377375E-3
2,800000E+3	9,826188E-4
2,801562E+3	1,238687E-3
2,803125E+3	1,460547E-3
2,804687E+3	1,548332E-3
2,806250E+3	1,617476E-3
2,807812E+3	1,753133E-3
2,809375E+3	1,876489E-3
2,810937E+3	3,229396E-3
2,812500E+3	2,652771E-3
2,814062E+3	2,449966E-3
2,815625E+3	2,225948E-3
2,817187E+3	2,406068E-3
2,818750E+3	2,552942E-3
2,820312E+3	2,426632E-3
2,821875E+3	2,276400E-3
2,823437E+3	2,254174E-3
2,825000E+3	2,203200E-3
2,826562E+3	2,351393E-3
2,828125E+3	2,464246E-3
2,829687E+3	2,367004E-3
2,831250E+3	2,243981E-3
2,832812E+3	2,349941E-3
2,834375E+3	2,423773E-3
2,835937E+3	2,541489E-3
2,837500E+3	2,628386E-3
2,839062E+3	2,768033E-3
2,840625E+3	2,878115E-3
2,842187E+3	3,051207E-3
2,843750E+3	3,195875E-3
2,845312E+3	3,192835E-3
2,846875E+3	3,170077E-3
2,848437E+3	3,228002E-3
2,850000E+3	3,266973E-3
2,851562E+3	6,044294E-2
2,853125E+3	3,205297E-3
2,854687E+3	3,940439E-3
2,856250E+3	3,173697E-3
2,857812E+3	4,723788E-3
2,859375E+3	4,745413E-3
2,860937E+3	5,208957E-3
2,862500E+3	4,001175E-3
2,864062E+3	4,981814E-3
2,865625E+3	4,507457E-3
2,867187E+3	5,055844E-3
2,868750E+3	4,251748E-3
2,870312E+3	5,197891E-3
2,871875E+3	5,094915E-3
2,873437E+3	5,543487E-3
2,875000E+3	4,998025E-3
2,876562E+3	4,900769E-3
2,878125E+3	3,829582E-3
2,879687E+3	4,151886E-3
2,881250E+3	3,668019E-3
2,882812E+3	4,488089E-3
2,884375E+3	4,630219E-3
2,885937E+3	4,908897E-3
2,887500E+3	4,390813E-3
2,889062E+3	3,763326E-2
2,890625E+3	6,487050E-3
2,892187E+3	6,533765E-3
2,893750E+3	6,576836E-3
2,895312E+3	6,736186E-3
2,896875E+3	6,893248E-3
2,898437E+3	6,996350E-3
2,900000E+3	7,093095E-3
2,901562E+3	7,215837E-3
2,903125E+3	7,330634E-3
2,904687E+3	7,298247E-3
2,906250E+3	7,248752E-3
2,907812E+3	7,316180E-3
2,909375E+3	7,368720E-3
2,910937E+3	7,293575E-3
2,912500E+3	7,195039E-3
2,914062E+3	7,187036E-3
2,915625E+3	7,158644E-3
2,917187E+3	7,126885E-3
2,918750E+3	7,075526E-3
2,920312E+3	6,883671E-3
2,921875E+3	6,669782E-3
2,923437E+3	9,796193E-3
2,925000E+3	9,188498E-3
2,926562E+3	9,290972E-3
2,928125E+3	9,371665E-3
2,929687E+3	9,622959E-3
2,931250E+3	9,858468E-3
2,932812E+3	1,012466E-2
2,934375E+3	1,036432E-2
2,935937E+3	1,099700E-2
2,937500E+3	1,152840E-2
2,939062E+3	1,192455E-2
2,940625E+3	1,168283E-2
2,942187E+3	1,185962E-2
2,943750E+3	1,195003E-2
2,945312E+3	1,219041E-2
2,946875E+3	1,238071E-2
2,948437E+3	1,266281E-2
2,950000E+3	1,289970E-2
2,951562E+3	1,326607E-2
2,953125E+3	1,357601E-2
2,954687E+3	1,385794E-2
2,956250E+3	1,406011E-2
2,957812E+3	1,438717E-2
2,959375E+3	1,465945E-2
2,960937E+3	1,533368E-2
2,962500E+3	1,598709E-2
2,964062E+3	1,673086E-2
2,965625E+3	1,745634E-2
2,967187E+3	1,775676E-2
2,968750E+3	1,800979E-2
2,970312E+3	1,802857E-2
2,971875E+3	1,799200E-2
2,973437E+3	1,805435E-2
2,975000E+3	1,807303E-2
2,976562E+3	1,800133E-2
2,978125E+3	1,787680E-2
2,979687E+3	1,806329E-2
2,981250E+3	1,820034E-2
2,982812E+3	1,884604E-2
2,984375E+3	1,946804E-2
2,985937E+3	2,007342E-2
2,987500E+3	2,065979E-2
2,989062E+3	2,071122E-2
2,990625E+3	2,073079E-2
2,992187E+3	2,075254E-2
2,993750E+3	2,074884E-2
2,995312E+3	2,108269E-2
2,996875E+3	2,139591E-2
2,998437E+3	2,224648E-2
3,000000E+3	2,308370E-2
3,001562E+3	2,396917E-2
3,003125E+3	2,484768E-2
3,004687E+3	2,562412E-2
3,006250E+3	2,638835E-2
3,007812E+3	2,679630E-2
3,009375E+3	2,717724E-2
3,010937E+3	2,088137E-2
3,012500E+3	1,407999E-2
3,014062E+3	1,445530E-2
3,015625E+3	1,482992E-2
3,017187E+3	1,532319E-2
3,018750E+3	1,564703E-2
3,020312E+3	1,616411E-2
3,021875E+3	1,667170E-2
3,023437E+3	1,760559E-2
3,025000E+3	1,854350E-2
3,026562E+3	1,970751E-2
3,028125E+3	2,087847E-2
3,029687E+3	2,155046E-2
3,031250E+3	2,221442E-2
3,032812E+3	2,260081E-2
3,034375E+3	2,296541E-2
3,035937E+3	2,394406E-2
3,037500E+3	2,491324E-2
3,039062E+3	2,518327E-2
3,040625E+3	2,543050E-2
3,042187E+3	2,590827E-2
3,043750E+3	2,637501E-2
3,045312E+3	2,709087E-2
3,046875E+3	2,779970E-2
3,048437E+3	2,846185E-2
3,050000E+3	2,911589E-2
3,051562E+3	2,953246E-2
3,053125E+3	2,993160E-2
3,054687E+3	3,031591E-2
3,056250E+3	3,067959E-2
3,057812E+3	3,076940E-2
3,059375E+3	3,083121E-2
3,060937E+3	3,129298E-2
3,062500E+3	3,173167E-2
3,064062E+3	3,278057E-2
3,065625E+3	3,381225E-2
3,067187E+3	3,514944E-2
3,068750E+3	3,647806E-2
3,070312E+3	3,726801E-2
3,071875E+3	3,804722E-2
3,073437E+3	3,839415E-2
3,075000E+3	3,872632E-2
3,076562E+3	3,946416E-2
3,078125E+3	4,018890E-2
3,079687E+3	4,180874E-2
3,081250E+3	4,341827E-2
3,082812E+3	4,504195E-2
3,084375E+3	4,665122E-2
3,085937E+3	4,776557E-2
3,087500E+3	4,886270E-2
3,089062E+3	4,984572E-2
3,090625E+3	5,080401E-2
3,092187E+3	5,170783E-2
3,093750E+3	5,258210E-2
3,095312E+3	5,313053E-2
3,096875E+3	5,365285E-2
3,098437E+3	5,454014E-2
3,100000E+3	5,540660E-2
3,101562E+3	5,676155E-2
3,103125E+3	5,809650E-2
3,104687E+3	5,939042E-2
3,106250E+3	6,065778E-2
3,107812E+3	6,138220E-2
3,109375E+3	6,207966E-2
3,110937E+3	6,305948E-2
3,112500E+3	6,400876E-2
3,114062E+3	6,579764E-2
3,115625E+3	6,755332E-2
3,117187E+3	6,934699E-2
3,118750E+3	7,110559E-2
3,120312E+3	7,189506E-2
3,121875E+3	7,264913E-2
3,123437E+3	7,309065E-2
3,125000E+3	7,349969E-2
3,126562E+3	7,433675E-2
3,128125E+3	7,513482E-2
3,129687E+3	7,681346E-2
3,131250E+3	7,845234E-2
3,132812E+3	8,036256E-2
3,134375E+3	8,222804E-2
3,135937E+3	8,396738E-2
3,137500E+3	8,565363E-2
3,139062E+3	8,687191E-2
3,140625E+3	8,803209E-2
3,142187E+3	8,907565E-2
3,143750E+3	9,006899E-2
3,145312E+3	9,173325E-2
3,146875E+3	9,334146E-2
3,148437E+3	9,464630E-2
3,150000E+3	9,589261E-2
3,151562E+3	9,693493E-2
3,153125E+3	9,790753E-2
3,154687E+3	9,873550E-2
3,156250E+3	9,950538E-2
3,157812E+3	1,012020E-1
3,159375E+3	1,028303E-1
3,160937E+3	1,049532E-1
3,162500E+3	1,070023E-1
3,164062E+3	1,089410E-1
3,165625E+3	1,108076E-1
3,167187E+3	1,124129E-1
3,168750E+3	1,139413E-1
3,170312E+3	1,153365E-1
3,171875E+3	1,166153E-1
3,173437E+3	1,174053E-1
3,175000E+3	1,181117E-1
3,176562E+3	1,196938E-1
3,178125E+3	1,211962E-1
3,179687E+3	1,244243E-1
3,181250E+3	1,275048E-1
3,182812E+3	1,297562E-1
3,184375E+3	1,318601E-1
3,185937E+3	1,325675E-1
3,187500E+3	1,331596E-1
3,189062E+3	1,338833E-1
3,190625E+3	1,344952E-1
3,192187E+3	1,357635E-1
3,193750E+3	1,369081E-1
3,195312E+3	1,388227E-1
3,196875E+3	1,405794E-1
3,198437E+3	1,434612E-1
3,200000E+3	1,461651E-1
3,201562E+3	1,479570E-1
3,203125E+3	1,496195E-1
3,204687E+3	1,511640E-1
3,206250E+3	1,525904E-1
3,207812E+3	1,549742E-1
3,209375E+3	1,571761E-1
3,210937E+3	1,596731E-1
3,212500E+3	1,619308E-1
3,214062E+3	1,644421E-1
3,215625E+3	1,666880E-1
3,217187E+3	1,602087E-1
3,218750E+3	1,522305E-1
3,220312E+3	1,556729E-1
3,221875E+3	1,587203E-1
3,223437E+3	1,604821E-1
3,225000E+3	1,620305E-1
3,226562E+3	1,631623E-1
3,228125E+3	1,641281E-1
3,229687E+3	1,654039E-1
3,231250E+3	1,664749E-1
3,232812E+3	1,680486E-1
3,234375E+3	1,693058E-1
3,235937E+3	1,715109E-1
3,237500E+3	1,732610E-1
3,239062E+3	1,767984E-1
3,240625E+3	1,796507E-1
3,242187E+3	1,830641E-1
3,243750E+3	1,857453E-1
3,245312E+3	1,878353E-1
3,246875E+3	1,894126E-1
3,248437E+3	1,917920E-1
3,250000E+3	1,936459E-1
3,251562E+3	1,967115E-1
3,253125E+3	1,990697E-1
3,254687E+3	2,024367E-1
3,256250E+3	2,048491E-1
3,257812E+3	2,073406E-1
3,259375E+3	2,089274E-1
3,260937E+3	2,114633E-1
3,262500E+3	2,131234E-1
3,264062E+3	2,167027E-1
3,265625E+3	2,190512E-1
3,267187E+3	2,225708E-1
3,268750E+3	2,244758E-1
3,270312E+3	2,266906E-1
3,271875E+3	2,274889E-1
3,273437E+3	2,301192E-1
3,275000E+3	2,310822E-1
3,276562E+3	2,345991E-1
3,278125E+3	2,362348E-1
3,279687E+3	2,398747E-1
3,281250E+3	2,411342E-1
3,282812E+3	2,447478E-1
3,284375E+3	2,448968E-1
3,285937E+3	2,481631E-1
3,287500E+3	2,466469E-1
3,289062E+3	2,505013E-1
3,290625E+3	2,485803E-1
3,292187E+3	2,531935E-1
3,293750E+3	2,519843E-1
3,295312E+3	2,570894E-1
3,296875E+3	2,548853E-1
3,298437E+3	2,617876E-1
3,300000E+3	2,572359E-1
3,301562E+3	2,671050E-1
3,303125E+3	2,590715E-1
3,304687E+3	2,716315E-1
3,306250E+3	2,611520E-1
3,307812E+3	2,712308E-1
3,309375E+3	2,630873E-1
3,310937E+3	2,708222E-1
3,312500E+3	2,655136E-1
3,314062E+3	2,706695E-1
3,315625E+3	2,680425E-1
3,317187E+3	2,718975E-1
3,318750E+3	2,694475E-1
3,320312E+3	2,722254E-1
3,321875E+3	2,702649E-1
3,323437E+3	2,724571E-1
3,325000E+3	2,706505E-1
3,326562E+3	2,728613E-1
3,328125E+3	2,716641E-1
3,329687E+3	2,736522E-1
3,331250E+3	2,732268E-1
3,332812E+3	2,741677E-1
3,334375E+3	2,730053E-1
3,335937E+3	2,731522E-1
3,337500E+3	2,714359E-1
3,339062E+3	2,719271E-1
3,340625E+3	2,711723E-1
3,342187E+3	2,720943E-1
3,343750E+3	2,720516E-1
3,345312E+3	2,732736E-1
3,346875E+3	2,733880E-1
3,348437E+3	2,759151E-1
3,350000E+3	2,742395E-1
3,351562E+3	2,742793E-1
3,353125E+3	2,740784E-1
3,354687E+3	2,742553E-1
3,356250E+3	2,743239E-1
3,357812E+3	2,744190E-1
3,359375E+3	2,743977E-1
3,360937E+3	2,743024E-1
3,362500E+3	2,740177E-1
3,364062E+3	2,747423E-1
3,365625E+3	2,693168E-1
3,367187E+3	2,702962E-1
3,368750E+3	2,712650E-1
3,370312E+3	2,721813E-1
3,371875E+3	2,730837E-1
3,373437E+3	2,735897E-1
3,375000E+3	2,740707E-1
3,376562E+3	2,749782E-1
3,378125E+3	2,758686E-1
3,379687E+3	2,763106E-1
3,381250E+3	2,767224E-1
3,382812E+3	2,772555E-1
3,384375E+3	2,777569E-1
3,385937E+3	2,756593E-1
3,387500E+3	2,501664E-1
3,389062E+3	2,514641E-1
3,390625E+3	2,527018E-1
3,392187E+3	2,525411E-1
3,393750E+3	2,523092E-1
3,395312E+3	2,538514E-1
3,396875E+3	2,553705E-1
3,398437E+3	2,552392E-1
3,400000E+3	2,550615E-1
3,401562E+3	2,555904E-1
3,403125E+3	2,560904E-1
3,404687E+3	2,569610E-1
3,406250E+3	2,578112E-1
3,407812E+3	2,574207E-1
3,409375E+3	2,569894E-1
3,410937E+3	2,572474E-1
3,412500E+3	2,574786E-1
3,414062E+3	2,390933E-1
3,415625E+3	2,155017E-1
3,417187E+3	2,151682E-1
3,418750E+3	2,148065E-1
3,420312E+3	2,145683E-1
3,421875E+3	2,143022E-1
3,423437E+3	2,145992E-1
3,425000E+3	2,148769E-1
3,426562E+3	2,152721E-1
3,428125E+3	2,156506E-1
3,429687E+3	2,156805E-1
3,431250E+3	2,156897E-1
3,432812E+3	2,161579E-1
3,434375E+3	2,166112E-1
3,435937E+3	2,167359E-1
3,437500E+3	2,168402E-1
3,439062E+3	2,165482E-1
3,440625E+3	2,162267E-1
3,442187E+3	2,160858E-1
3,443750E+3	2,159136E-1
3,445312E+3	2,156556E-1
3,446875E+3	2,153593E-1
3,448437E+3	2,144455E-1
3,450000E+3	2,134631E-1
3,451562E+3	2,099568E-1
3,453125E+3	2,061387E-1
3,454687E+3	2,054617E-1
3,456250E+3	2,047411E-1
3,457812E+3	2,038534E-1
3,459375E+3	2,029260E-1
3,460937E+3	2,025206E-1
3,462500E+3	2,020845E-1
3,464062E+3	2,021159E-1
3,465625E+3	2,021225E-1
3,467187E+3	2,017434E-1
3,468750E+3	2,013363E-1
3,470312E+3	2,017936E-1
3,471875E+3	2,022315E-1
3,473437E+3	2,023804E-1
3,475000E+3	2,025081E-1
3,476562E+3	2,024081E-1
3,478125E+3	2,022851E-1
3,479687E+3	1,897835E-1
3,481250E+3	1,757968E-1
3,482812E+3	1,766409E-1
3,484375E+3	1,774787E-1
3,485937E+3	1,769828E-1
3,487500E+3	1,764730E-1
3,489062E+3	1,766334E-1
3,490625E+3	1,767843E-1
3,492187E+3	1,776103E-1
3,493750E+3	1,784297E-1
3,495312E+3	1,587942E-1
3,496875E+3	1,366074E-1
3,498437E+3	1,364370E-1
3,500000E+3	1,362603E-1
3,501562E+3	1,362957E-1
3,503125E+3	1,363251E-1
3,504687E+3	1,363429E-1
3,506250E+3	1,363544E-1
3,507812E+3	1,360483E-1
3,509375E+3	1,357347E-1
3,510937E+3	1,354703E-1
3,512500E+3	1,351991E-1
3,514062E+3	1,350714E-1
3,515625E+3	1,349376E-1
3,517187E+3	1,347734E-1
3,518750E+3	1,346030E-1
3,520312E+3	1,344816E-1
3,521875E+3	1,343544E-1
3,523437E+3	1,341615E-1
3,525000E+3	1,339626E-1
3,526562E+3	1,260228E-1
3,528125E+3	1,176535E-1
3,529687E+3	1,157547E-1
3,531250E+3	1,138066E-1
3,532812E+3	1,128205E-1
3,534375E+3	1,117928E-1
3,535937E+3	1,097588E-1
3,537500E+3	1,076523E-1
3,539062E+3	1,040357E-1
3,540625E+3	1,003615E-1
3,542187E+3	9,928963E-2
3,543750E+3	9,819652E-2
3,545312E+3	9,728500E-2
3,546875E+3	9,635830E-2
3,548437E+3	9,541281E-2
3,550000E+3	9,445021E-2
3,551562E+3	9,347566E-2
3,553125E+3	9,246541E-2
3,554687E+3	9,115771E-2
3,556250E+3	8,979499E-2
3,557812E+3	8,872458E-2
3,559375E+3	8,761041E-2
3,560937E+3	8,686459E-2
3,562500E+3	8,608485E-2
3,564062E+3	8,506344E-2
3,565625E+3	8,401677E-2
3,567187E+3	8,265640E-2
3,568750E+3	8,127902E-2
3,570312E+3	7,968487E-2
3,571875E+3	7,807260E-2
3,573437E+3	7,683357E-2
3,575000E+3	7,555665E-2
3,576562E+3	7,505231E-2
3,578125E+3	7,449747E-2
3,579687E+3	7,409182E-2
3,581250E+3	7,364576E-2
3,582812E+3	7,302051E-2
3,584375E+3	7,236445E-2
3,585937E+3	7,185106E-2
3,587500E+3	7,129950E-2
3,589062E+3	7,075835E-2
3,590625E+3	7,017199E-2
3,592187E+3	6,902330E-2
3,593750E+3	6,784108E-2
3,595312E+3	6,663893E-2
3,596875E+3	6,541707E-2
3,598437E+3	6,476627E-2
3,600000E+3	6,408692E-2
3,601562E+3	6,358510E-2
3,603125E+3	6,305012E-2
3,604687E+3	6,239761E-2
3,606250E+3	6,170886E-2
3,607812E+3	6,042206E-2
3,609375E+3	5,907298E-2
3,610937E+3	5,831403E-2
3,612500E+3	5,750939E-2
3,614062E+3	5,686364E-2
3,615625E+3	5,618915E-2
3,617187E+3	5,606137E-2
3,618750E+3	5,589023E-2
3,620312E+3	5,554675E-2
3,621875E+3	5,515460E-2
3,623437E+3	5,519289E-2
3,625000E+3	5,513791E-2
3,626562E+3	5,542140E-2
3,628125E+3	5,558604E-2
3,629687E+3	3,999753E-2
3,631250E+3	2,622648E-2
3,632812E+3	2,513458E-2
3,634375E+3	2,396229E-2
3,635937E+3	2,447527E-2
3,637500E+3	2,483744E-2
3,639062E+3	2,495467E-2
3,640625E+3	2,494536E-2
3,642187E+3	2,472991E-2
3,643750E+3	2,440060E-2
3,645312E+3	2,433135E-2
3,646875E+3	2,414856E-2
3,648437E+3	2,377817E-2
3,650000E+3	2,333249E-2
3,651562E+3	2,269488E-2
3,653125E+3	2,199673E-2
3,654687E+3	2,129785E-2
3,656250E+3	2,052524E-2
3,657812E+3	2,017601E-2
3,659375E+3	1,969630E-2
3,660937E+3	1,937427E-2
3,662500E+3	1,889422E-2
3,664062E+3	1,880594E-2
3,665625E+3	1,849480E-2
3,667187E+3	1,878299E-2
3,668750E+3	1,874257E-2
3,670312E+3	1,906472E-2
3,671875E+3	1,910362E-2
3,673437E+3	1,944689E-2
3,675000E+3	1,953560E-2
3,676562E+3	1,955167E-2
3,678125E+3	1,932690E-2
3,679687E+3	1,892400E-2
3,681250E+3	1,822202E-2
3,682812E+3	1,806828E-2
3,684375E+3	1,741643E-2
3,685937E+3	1,738442E-2
3,687500E+3	1,687505E-2
3,689062E+3	1,673243E-2
3,690625E+3	1,612742E-2
3,692187E+3	1,610254E-2
3,693750E+3	1,550525E-2
3,695312E+3	1,554753E-2
3,696875E+3	1,476085E-2
3,698437E+3	1,504369E-2
3,700000E+3	1,417055E-2
3,701562E+3	1,473770E-2
3,703125E+3	1,397372E-2
3,704687E+3	1,538041E-2
3,706250E+3	1,423711E-2
3,707812E+3	1,667684E-2
3,709375E+3	1,540104E-2
3,710937E+3	1,748756E-2
3,712500E+3	1,544941E-2
3,714062E+3	1,729463E-2
3,715625E+3	1,385991E-2
3,717187E+3	1,676516E-2
3,718750E+3	1,108920E-2
3,720312E+3	1,700317E-2
3,721875E+3	8,911878E-3
3,723437E+3	1,630426E-2
3,725000E+3	9,616107E-3
3,726562E+3	1,403642E-2
3,728125E+3	1,102335E-2
3,729687E+3	1,348847E-2
3,731250E+3	1,149775E-2
3,732812E+3	1,338959E-2
3,734375E+3	1,214489E-2
3,735937E+3	1,369019E-2
3,737500E+3	1,315294E-2
3,739062E+3	1,456825E-2
3,740625E+3	1,484563E-2
3,742187E+3	1,612443E-2
3,743750E+3	1,663452E-2
3,745312E+3	1,678169E-2
3,746875E+3	1,606021E-2
3,748437E+3	1,536412E-2
3,750000E+3	1,371923E-2
3,751562E+3	1,300652E-2
3,753125E+3	1,146795E-2
3,754687E+3	1,117989E-2
3,756250E+3	1,020329E-2
3,757812E+3	1,127767E-2
3,759375E+3	1,194466E-2
3,760937E+3	1,312622E-2
3,762500E+3	1,411312E-2
3,764062E+3	1,455551E-2
3,765625E+3	1,479820E-2
3,767187E+3	1,460361E-2
3,768750E+3	1,415556E-2
3,770312E+3	1,457139E-2
3,771875E+3	1,479364E-2
3,773437E+3	1,538801E-2
3,775000E+3	1,575864E-2
3,776562E+3	1,563227E-2
3,778125E+3	1,528262E-2
3,779687E+3	1,493040E-2
3,781250E+3	1,437504E-2
3,782812E+3	1,407058E-2
3,784375E+3	1,359715E-2
3,785937E+3	1,288709E-2
3,787500E+3	1,193726E-2
3,789062E+3	1,147453E-2
3,790625E+3	1,083697E-2
3,792187E+3	1,114010E-2
3,793750E+3	1,134490E-2
3,795312E+3	1,289239E-2
3,796875E+3	1,445416E-2
3,798437E+3	1,546446E-2
3,800000E+3	1,643777E-2
3,801562E+3	1,593645E-2
3,803125E+3	1,526723E-2
3,804687E+3	1,514772E-2
3,806250E+3	1,491747E-2
3,807812E+3	1,562039E-2
3,809375E+3	1,629727E-2
3,810937E+3	1,695048E-2
3,812500E+3	1,756854E-2
3,814062E+3	1,796220E-2
3,815625E+3	1,828728E-2
3,817187E+3	1,831612E-2
3,818750E+3	1,826558E-2
3,820312E+3	1,813546E-2
3,821875E+3	1,792822E-2
3,823437E+3	1,788682E-2
3,825000E+3	1,777923E-2
3,826562E+3	1,804759E-2
3,828125E+3	1,827269E-2
3,829687E+3	1,853383E-2
3,831250E+3	1,874820E-2
3,832812E+3	1,873588E-2
3,834375E+3	1,866876E-2
3,835937E+3	1,847329E-2
3,837500E+3	1,821436E-2
3,839062E+3	1,845936E-2
3,840625E+3	1,866243E-2
3,842187E+3	1,869658E-2
3,843750E+3	1,867502E-2
3,845312E+3	1,842288E-2
3,846875E+3	1,810243E-2
3,848437E+3	1,806557E-2
3,850000E+3	1,798221E-2
3,851562E+3	1,787842E-2
3,853125E+3	1,773274E-2
3,854687E+3	1,772052E-2
3,856250E+3	1,766764E-2
3,857812E+3	1,769758E-2
3,859375E+3	1,767993E-2
3,860937E+3	1,772590E-2
3,862500E+3	1,772330E-2
3,864062E+3	1,780486E-2
3,865625E+3	1,784747E-2
3,867187E+3	1,842384E-2
3,868750E+3	1,898351E-2
3,870312E+3	1,939934E-2
3,871875E+3	1,979520E-2
3,873437E+3	2,035750E-2
3,875000E+3	2,090329E-2
3,876562E+3	2,138846E-2
3,878125E+3	2,185531E-2
3,879687E+3	2,218286E-2
3,881250E+3	2,248532E-2
3,882812E+3	2,253737E-2
3,884375E+3	2,255456E-2
3,885937E+3	2,231689E-2
3,887500E+3	2,203299E-2
3,889062E+3	2,162340E-2
3,890625E+3	2,117272E-2
3,892187E+3	2,056580E-2
3,893750E+3	1,991540E-2
3,895312E+3	1,988632E-2
3,896875E+3	1,982824E-2
3,898437E+3	2,072054E-2
3,900000E+3	2,159990E-2
3,901562E+3	2,290372E-2
3,903125E+3	2,420296E-2
3,904687E+3	2,499958E-2
3,906250E+3	2,578559E-2
3,907812E+3	2,594607E-2
3,909375E+3	2,607969E-2
3,910937E+3	2,642421E-2
3,912500E+3	2,673972E-2
3,914062E+3	2,380321E-2
3,915625E+3	2,064139E-2
3,917187E+3	2,078936E-2
3,918750E+3	2,091845E-2
3,920312E+3	2,079219E-2
3,921875E+3	2,064031E-2
3,923437E+3	2,079076E-2
3,925000E+3	2,091683E-2
3,926562E+3	2,087788E-2
3,928125E+3	2,080733E-2
3,929687E+3	2,117334E-2
3,931250E+3	2,151484E-2
3,932812E+3	2,228707E-2
3,934375E+3	2,304124E-2
3,935937E+3	2,370613E-2
3,937500E+3	2,435308E-2
3,939062E+3	2,513820E-2
3,940625E+3	2,590860E-2
3,942187E+3	2,688438E-2
3,943750E+3	2,784910E-2
3,945312E+3	2,874917E-2
3,946875E+3	2,963352E-2
3,948437E+3	2,960172E-2
3,950000E+3	2,953995E-2
3,951562E+3	2,890210E-2
3,953125E+3	2,822565E-2
3,954687E+3	2,786064E-2
3,956250E+3	2,746487E-2
3,957812E+3	2,771412E-2
3,959375E+3	2,793889E-2
3,960937E+3	2,804000E-2
3,962500E+3	2,811570E-2
3,964062E+3	2,790011E-2
3,965625E+3	2,765573E-2
3,967187E+3	2,751777E-2
3,968750E+3	2,735241E-2
3,970312E+3	2,763127E-2
3,971875E+3	2,788312E-2
3,973437E+3	2,873788E-2
3,975000E+3	2,956347E-2
3,976562E+3	3,022191E-2
3,978125E+3	3,085038E-2
3,979687E+3	3,117678E-2
3,981250E+3	3,147655E-2
3,982812E+3	3,188260E-2
3,984375E+3	3,226541E-2
3,985937E+3	3,336573E-2
3,987500E+3	3,444265E-2
3,989062E+3	3,568159E-2
3,990625E+3	3,689403E-2
3,992187E+3	3,730506E-2
3,993750E+3	3,768361E-2
3,995312E+3	3,753529E-2
3,996875E+3	3,734640E-2
3,998437E+3	3,751848E-2
4,000000E+3	3,765549E-2
4,001562E+3	3,813544E-2
4,003125E+3	3,858271E-2
4,004687E+3	3,964444E-2
4,006250E+3	4,066937E-2
4,007812E+3	4,191949E-2
4,009375E+3	4,312935E-2
4,010937E+3	4,412045E-2
4,012500E+3	4,507080E-2
4,014062E+3	4,536474E-2
4,015625E+3	4,562286E-2
4,017187E+3	4,576892E-2
4,018750E+3	4,587614E-2
4,020312E+3	4,646041E-2
4,021875E+3	4,699704E-2
4,023437E+3	4,735049E-2
4,025000E+3	4,765978E-2
4,026562E+3	4,807993E-2
4,028125E+3	4,845291E-2
4,029687E+3	4,916860E-2
4,031250E+3	4,983013E-2
4,032812E+3	5,053926E-2
4,034375E+3	5,119813E-2
4,035937E+3	5,190366E-2
4,037500E+3	5,255640E-2
4,039062E+3	5,354314E-2
4,040625E+3	5,446685E-2
4,042187E+3	5,552012E-2
4,043750E+3	5,650351E-2
4,045312E+3	5,738915E-2
4,046875E+3	5,821199E-2
4,048437E+3	5,899491E-2
4,050000E+3	5,971083E-2
4,051562E+3	6,043128E-2
4,053125E+3	6,106759E-2
4,054687E+3	6,188303E-2
4,056250E+3	6,259761E-2
4,057812E+3	6,341148E-2
4,059375E+3	6,414129E-2
4,060937E+3	6,722309E-2
4,062500E+3	6,935346E-2
4,064062E+3	6,998685E-2
4,065625E+3	7,060658E-2
4,067187E+3	7,086777E-2
4,068750E+3	7,111686E-2
4,070312E+3	7,122456E-2
4,071875E+3	7,131997E-2
4,073437E+3	7,169054E-2
4,075000E+3	7,204432E-2
4,076562E+3	7,214139E-2
4,078125E+3	7,222382E-2
4,079687E+3	7,206764E-2
4,081250E+3	7,189930E-2
4,082812E+3	7,140533E-2
4,084375E+3	7,090273E-2
4,085937E+3	8,632175E-2
4,087500E+3	9,243855E-2
4,089062E+3	9,356496E-2
4,090625E+3	9,465931E-2
4,092187E+3	9,589233E-2
4,093750E+3	9,708572E-2
4,095312E+3	9,793315E-2
4,096875E+3	9,874094E-2
4,098437E+3	9,925258E-2
4,100000E+3	9,972438E-2
4,101562E+3	1,001704E-1
4,103125E+3	1,005734E-1
4,104687E+3	1,006391E-1
4,106250E+3	1,006659E-1
4,107812E+3	1,004286E-1
4,109375E+3	1,001532E-1
4,110937E+3	1,002534E-1
4,112500E+3	1,002827E-1
4,114062E+3	1,019286E-1
4,115625E+3	1,033018E-1
4,117187E+3	1,045464E-1
4,118750E+3	1,056421E-1
4,120312E+3	1,063709E-1
4,121875E+3	1,070187E-1
4,123437E+3	1,075322E-1
4,125000E+3	1,079820E-1
4,126562E+3	1,079814E-1
4,128125E+3	1,079327E-1
4,129687E+3	1,075585E-1
4,131250E+3	1,071479E-1
4,132812E+3	1,062867E-1
4,134375E+3	1,054029E-1
4,135937E+3	8,858983E-2
4,137500E+3	7,257179E-2
4,139062E+3	7,283285E-2
4,140625E+3	7,303080E-2
4,142187E+3	7,303259E-2
4,143750E+3	7,297872E-2
4,145312E+3	7,331306E-2
4,146875E+3	7,358146E-2
4,148437E+3	7,375195E-2
4,150000E+3	7,385655E-2
4,151562E+3	7,420389E-2
4,153125E+3	7,447307E-2
4,154687E+3	7,456931E-2
4,156250E+3	7,456598E-2
4,157812E+3	7,447724E-2
4,159375E+3	7,414930E-2
4,160937E+3	7,480798E-2
4,162500E+3	7,507753E-2
4,164062E+3	7,576798E-2
4,165625E+3	7,618368E-2
4,167187E+3	7,673867E-2
4,168750E+3	7,707647E-2
4,170312E+3	7,759402E-2
4,171875E+3	7,791087E-2
4,173437E+3	7,876128E-2
4,175000E+3	7,939201E-2
4,176562E+3	7,991175E-2
4,178125E+3	8,017488E-2
4,179687E+3	8,060804E-2
4,181250E+3	8,061872E-2
4,182812E+3	8,172353E-2
4,184375E+3	8,167832E-2
4,185937E+3	8,474629E-2
4,187500E+3	8,504762E-2
4,189062E+3	8,974338E-2
4,190625E+3	9,010015E-2
4,192187E+3	9,706575E-2
4,193750E+3	9,595928E-2
4,195312E+3	1,115771E-1
4,196875E+3	1,038706E-1
4,198437E+3	1,123157E-1
4,200000E+3	1,081344E-1
4,201562E+3	1,137825E-1
4,203125E+3	1,105674E-1
4,204687E+3	1,172237E-1
4,206250E+3	1,127275E-1
4,207812E+3	1,293948E-1
4,209375E+3	1,155044E-1
4,210937E+3	1,458647E-1
4,212500E+3	1,213100E-1
4,214062E+3	1,277525E-1
4,215625E+3	1,247656E-1
4,217187E+3	1,283356E-1
4,218750E+3	1,272521E-1
4,220312E+3	1,303011E-1
4,221875E+3	1,295797E-1
4,223437E+3	1,320921E-1
4,225000E+3	1,314106E-1
4,226562E+3	1,333649E-1
4,228125E+3	1,331643E-1
4,229687E+3	1,351734E-1
4,231250E+3	1,353312E-1
4,232812E+3	1,380510E-1
4,234375E+3	1,394084E-1
4,235937E+3	1,416182E-1
4,237500E+3	1,427966E-1
4,239062E+3	1,442526E-1
4,240625E+3	1,449616E-1
4,242187E+3	1,466536E-1
4,243750E+3	1,477271E-1
4,245312E+3	1,494750E-1
4,246875E+3	1,506604E-1
4,248437E+3	1,520122E-1
4,250000E+3	1,527654E-1
4,251562E+3	1,536136E-1
4,253125E+3	1,537602E-1
4,254687E+3	1,547096E-1
4,256250E+3	1,551737E-1
4,257812E+3	1,561563E-1
4,259375E+3	1,568327E-1
4,260937E+3	1,574824E-1
4,262500E+3	1,578322E-1
4,264062E+3	1,581669E-1
4,265625E+3	1,580351E-1
4,267187E+3	1,590991E-1
4,268750E+3	1,597223E-1
4,270312E+3	1,619509E-1
4,271875E+3	1,640044E-1
4,273437E+3	1,649320E-1
4,275000E+3	1,656174E-1
4,276562E+3	1,651980E-1
4,278125E+3	1,645085E-1
4,279687E+3	1,639755E-1
4,281250E+3	1,631888E-1
4,282812E+3	1,640298E-1
4,284375E+3	1,646909E-1
4,285937E+3	1,659973E-1
4,287500E+3	1,670233E-1
4,289062E+3	1,680514E-1
4,290625E+3	1,688316E-1
4,292187E+3	1,700599E-1
4,293750E+3	1,710998E-1
4,295312E+3	1,724436E-1
4,296875E+3	1,736638E-1
4,298437E+3	1,750270E-1
4,300000E+3	1,763090E-1
4,301562E+3	1,770414E-1
4,303125E+3	1,776667E-1
4,304687E+3	1,783624E-1
4,306250E+3	1,789500E-1
4,307812E+3	1,792390E-1
4,309375E+3	1,793658E-1
4,310937E+3	1,794972E-1
4,312500E+3	1,794428E-1
4,314062E+3	1,797973E-1
4,315625E+3	1,799957E-1
4,317187E+3	1,811352E-1
4,318750E+3	1,821533E-1
4,320312E+3	1,832226E-1
4,321875E+3	1,841637E-1
4,323437E+3	1,842890E-1
