25.789449052895066, 0.0378528088174277
34.704753659135804, 0.05451669757825717
50.30653672005707, 0.0852923479924016
68.13714593253849, 0.11711887427434597
83.73892899345975, 0.14729402419260462
101.56953820594117, 0.17882030022660622
117.17132126686238, 0.2083949496489792
135.00193047934386, 0.2396209754350378
155.06136584338543, 0.2727235652707395
172.89197505586685, 0.304550091552684
190.72258426834827, 0.3338845407767025
208.55319348082975, 0.36122232585190095
224.15497654175095, 0.3840413446955593
235.29910729955185, 0.39815310634887424
255.35854266359348, 0.42697713015138994
271.7032677750347, 0.45069689973887694
286.562108785436, 0.46841166436750636
302.1638918463572, 0.48732742998790723
322.22332721039885, 0.5112873997737485
341.53982052392035, 0.5317644666834523
360.11337178692185, 0.5485784805682532
389.0881117572042, 0.5761414533294089
424.74933018216706, 0.6062265281732846
460.4105486071299, 0.6348704018270346
498.3005931836529, 0.6634242004064017
538.4194639117361, 0.6901464724733173
587.45363924606, 0.7164183691683186
647.6319453381848, 0.7415029126100914
696.6661206725087, 0.7593541546241493
745.7002960068328, 0.7774510559319787
794.7344713411567, 0.7961047849723568
843.7686466754806, 0.8136243869398234
881.6586912520036, 0.8242082081798097
946.2946496472489, 0.8364911728683817
995.3288249815728, 0.8421413366251249
1044.3630003158967, 0.8467269767755251
1093.3971756502206, 0.852213367669754
1142.4313509845445, 0.8604838972267258
1191.4655263188683, 0.8703102689775835
1240.4997016531925, 0.8806279593159839
1289.5338769875164, 0.8894225620330015
1335.1009894194133, 0.8952674335262895
1387.6022276561641, 0.8992161792113563
1436.636402990488, 0.8998712706614135
1485.670578324812, 0.8981516556050134
1534.7047536591358, 0.8964320405486133
1583.73892899346, 0.896268267686099
1632.7731043277838, 0.8979059963112419
1681.8072796621077, 0.9021640907366135
1730.8414549964316, 0.9083874595121568
1779.8756303307557, 0.9159210111878142
1828.9098056650794, 0.9233726764322147
1877.9439809994035, 0.9296779316390149
1926.9781563337272, 0.9343454582206723
1976.0123316680513, 0.9363516757864725
2018.3600285476948, 0.9361264881005152
2100.826596155421, 0.9310700009703865
2149.860771489745, 0.9268119065450148
2198.894946824069, 0.9223081528258718
2247.9291221583926, 0.9187870362818145
2296.9632974927167, 0.9166579890691285
2345.997472827041, 0.9161666704815857
2395.0316481613645, 0.9183776041255287
2444.0658234956886, 0.9217349478070718
2493.0999988300123, 0.9270575658387863
2542.1341741643364, 0.9336084803393581
2591.16834949866, 0.9402412812711869
2640.202524832984, 0.9467103093405015
2689.2367001673083, 0.9522785866659875
2724.897918592271, 0.9557178167787876
2791.762703139076, 0.9594027061853593
2840.7968784734003, 0.9593208197541021
2889.831053807724, 0.9580106368539878
2938.865229142048, 0.9544076338786733
2965.6111429607704, 0.9521148138034732
