133.93226109739146, 72.14091481571882
155.30962981534663, 72.12265911642666
178.93724787203388, 71.78232072247987
201.43974125935506, 71.39112716621918
227.69265021122982, 71.00645350256285
240.81910468716717, 71.51239716866
263.3215980744884, 71.24442958262144
285.8240914618096, 70.84997608005858
302.96884832834, 70.90213522089334
327.0786626718985, 70.66741908713692
348.6435521680813, 70.86301586526727
370.5834832207195, 70.5891803758848
396.4613506161389, 72.03659653404931
415.2134284389066, 73.22321698804004
430.2150906971207, 74.93142885037832
437.7159218262277, 75.83117402977788
470.0906344410877, 80.58823529411765
482.77945619335355, 86.23529411764706
497.72257085908427, 91.43979692457896
520.8459214501511, 82.1764705882353
542.7275576337267, 75.51821918476935
553.9788043273874, 73.81652721503539
572.730882150155, 71.44980619965828
580.2317132792621, 70.1979868196241
589.6077521906459, 68.9983265804247
608.3598300134136, 67.6682684891384
632.7375311830116, 65.81661898950452
640.2383623121186, 65.2298286551135
662.7408556994399, 64.03016841591409
683.9932105652431, 63.27386087381011
702.120219127252, 63.02610495484501
733.9987514259569, 62.05138101049548
753.1258708051799, 61.73255826214303
767.7524915069388, 61.239654381254574
797.7558160233671, 61.669967293141326
820.5261962367279, 62.128222601903836
840.8855950157327, 62.78486892848426
855.8872572739468, 63.156502806931904
877.8539770091888, 64.12889821820845
895.891689962518, 64.78647595801806
912.1434907422499, 66.36428996826947
921.5195296536338, 67.69434805955578
960.7250755287009, 73.88235294117648
969.1842900302115, 79.1764705882353
986.1027190332327, 87.11764705882354
1003.0211480362539, 81.11764705882354
1007.7790876383649, 76.14412887478643
1032.156788807963, 68.9983265804247
1060.2849055421145, 64.36920283134
1077.1617755826053, 63.104343666097144
1095.913853405373, 61.38309201855016
1112.790723445864, 60.026954356846474
1143.1690895187476, 58.49347561630461
1165.2965413496133, 57.39291774469124
1189.6742425192115, 56.28267317549426
1204.6759047774256, 55.019676836709785
1210.3015281242558, 56.04981986819624
1225.30319038247, 56.42797363924823
1236.5544370761306, 55.4304300707835
1270.3081771571124, 54.745841347327314
1289.6853242406391, 55.306552111300945
1307.8123328026477, 55.54126824505735
1330.314826189969, 55.084875762753235
1352.8173195772902, 55.7368650231877
1380.9454363114417, 56.349734927996096
1397.8223063519326, 57.66675323407372
1416.5743841747003, 58.57953819868196
1432.2011156936733, 59.63576080058579
1443.452362387334, 60.6007049060288
1448.4529164734054, 61.591728581889186
1459.7041631670659, 64.82559531364413
1467.204994296173, 65.50366414449597
1485.1963746223564, 70.88235294117648
1506.3444108761328, 80.76470588235294
1519.0332326283988, 76
1523.2628398791542, 69.82352941176471
1547.838928934074, 63.00002538442763
1555.339760063181, 61.9438027825238
1562.840591192288, 60.652864046863556
1574.0918378859487, 59.479283378081526
1592.8439157087164, 57.17993458628264
1614.4940419222753, 55.79495133911731
1639.7241102656355, 54.78496070295338
1652.850564741573, 53.33754454478887
1692.229928169385, 51.929247742250425
1716.607629338983, 51.23813912618989
1737.2349149440274, 51.37375289236026
1761.6126161136253, 50.95126385159873
1784.1151095009466, 50.925184281181345
1806.6176028882678, 51.016462777642175
1832.8705118401426, 51.48589504515499
1857.2482130097405, 51.73365096412009
1874.1250830502315, 52.281321942885036
1891.0019530907223, 52.71163485477178
1909.75403091349, 53.220186477910666
1917.254862042597, 54.8892789846229
1932.2565243008112, 55.958541371735414
1949.1333943413022, 56.897405906761044
1959.2595163655967, 58.133577544544785
1992.749244712991, 65.41176470588235
2009.6676737160121, 70.52941176470588
2026.5861027190329, 79
2039.2749244712988, 71.05882352941177
2047.7341389728097, 67
2057.895445713355, 63.508577007566515
2080.397939100676, 59.127209177446915
2114.1516791816575, 54.82408005857945
2125.402925875318, 53.767857456675614
2154.2811257223802, 51.890128386624355
2179.783951561344, 50.669604491091036
2196.660821601836, 49.81680253844276
2217.2881072068794, 49.30825091530388
2243.5410161587542, 49.21436446180131
2254.7922628524148, 48.56498315840859
2276.6696869789776, 48.47370466194777
2290.4212107156736, 47.547879912130824
2307.2980807561644, 48.69798896753723
2327.925366361209, 48.447625091530384
2342.9270286194233, 49.2821713448865
2365.4295220067443, 49.5299272638516
2387.9320153940653, 50.064558457407855
2410.434508781387, 51.29029826702465
2453.5642877737528, 54.55024456919697
2470.4411578142435, 55.058796192335855
2487.3180278547343, 57.99274786429094
2515.4461445888855, 64.2518447644618
2529.909365558912, 69.82352941176471
2542.5981873111787, 74.76470588235294
2559.5166163141994, 65.76470588235296
2596.0800792267864, 57.47115645594337
2612.956949267278, 55.52822845984867
2641.0850660014294, 52.43779936538931
2659.8371438241966, 50.58614986575543
2667.337974953304, 51.26421869660727
2683.589775733036, 49.56904661947767
2710.4677539456698, 48.838818647791065
2736.7206628975446, 47.997752501830604
2749.8471173734815, 47.410962167439585
2776.1000263253563, 47.29360410056138
2796.727311930401, 47.07844764461801
2821.1050130999993, 46.67551828166951
2841.3572571485875, 47.43052184525262
2864.234792092365, 47.434868440322184
2885.799681588547, 48.54542348059556
2908.302174975868, 49.0344154259214
2959.87038898848, 51.681491823285334
2974.8720512466934, 53.37666390041494
3001.1249601985683, 56.923485477178424
3010.5009991099523, 58.42306077617769
3018.001830239059, 60.92669953624603
3023.62745358589, 62.843547961923356
3041.6918429003017, 66.82352941176471
3048.0051547554876, 72.58426751281425
3055.5059858845943, 71.09773199902368
3071.299093655589, 66.47058823529412
3085.509310401023, 59.048970466194774
3100.5109726592373, 56.4670929948743
3127.1389231675676, 53.51749358066878
3138.0151283047726, 52.51603807664144
3175.519283950308, 49.81680253844276
3192.3961539907987, 49.23001220405175
3209.2730240312894, 48.421545521113
3225.524824811022, 47.76955626067855
3241.9016394429054, 48.07207927752014
3266.86869162979, 46.815789113985836
3284.28133532236, 46.92197022211374
3303.033413145128, 46.935010007322425
3322.910615637262, 46.71072570173297
3348.03839991977, 46.7263734439834
3387.417763347583, 48.24420444227483
3389.2929711298593, 47.31316377837442
3406.16984117035, 48.80752316329021
3408.0450489526274, 48.25202831340005
3439.9235812513316, 49.98110383207225
3460.550866856376, 51.73365096412009
3475.5525291145905, 53.14194776665853
3481.1781524614207, 54.41984671711008
3520.5575158892334, 61.07013717354161
3536.5558912386705, 65.58823529411765
3549.244712990936, 73.70588235294119
3551.1859096664202, 72.46690944593605
3570.392749244713, 64.88235294117648
3589.940203833474, 58.7751349768123
3599.316242744857, 56.271496216743955
3627.444359479009, 52.98547034415426
3634.945190608116, 52.43779936538931
3642.4460217372225, 51.26421869660727
3663.073307342267, 50.24711545032951
3683.7005929473116, 49.151773492799606
3687.4510085118654, 48.66278154747376
3708.346180942949, 47.184628752745915
3723.0799563751243, 46.961089577739806
3753.083280891552, 46.43949816939224
3775.853661104913, 46.290472052721505
3794.337852101641, 46.61879521601171
3827.716550626168, 45.86574762020991
3841.2180466585605, 46.08090407615328
3861.845332263605, 46.56989602147913
3884.079938824886, 47.11756700024408
3901.224695691417, 47.482680986087374
3918.1015657319076, 48.25202831340005
3933.103227990122, 48.60410251403466
3946.229682466059, 50.29927459116426
3996.860292587532, 54.94143812545765
4032.489240450791, 62.217638271906274
4039.9900715798976, 64.2518447644618
4054.991733838112, 69.83287283378081
4062.4925649672186, 69.25912228459849
4075.6190194431565, 63.62593507444472
4083.119850572263, 61.51348987063705
4098.1215128304775, 58.22746399804735
4113.123175088692, 54.82408005857945
4124.374421782352, 53.806976812301684
4143.1264996051195, 52.907231632902125
4180.630655250656, 49.464728337808154
4203.133148637977, 48.004272394434956
4212.50918754936, 47.74347669026116
4230.323661480989, 47.274044422748354
4251.888550977173, 46.49165731022699
4274.391044364494, 46.361259458140104
4296.51849619536, 45.99614547229681
4301.2690225771275, 45.396315352697094
