302.3971136122985, 93.02389605498541
308.9818424251931, 93.03587232840599
313.17212439703513, 92.77239431315319
320.3554649201929, 92.75442990302231
325.7429703125612, 92.73646549289144
331.13047570492955, 93.99397420205254
331.72908741519274, 94.43709631861407
336.51798109729793, 94.49697768571698
336.51798109729793, 93.99397420205254
338.9124279383505, 94.8802184351756
344.89854504098196, 94.91614725543735
345.4971567512451, 95.8622728556633
345.4971567512451, 95.43112701252237
352.0818855641397, 95.05986253648433
359.8638377975607, 94.9460879389888
361.6596729283501, 96.0059881367103
371.23746029256046, 96.02994068355146
377.2235773951919, 96.01796441013087
389.19581160045493, 96.23353733170134
395.7805404133495, 96.07784577723379
401.16804580571784, 96.04191695697205
404.7597160672967, 96.90420864325394
406.55555119808616, 97.317390076264
413.73889172124393, 97.29942566613313
417.3305619828228, 96.77845777233782
419.12639711361226, 97.22756802560964
431.6972430291384, 96.60779587609453
438.8805835522962, 96.45509838998211
449.6555943370328, 97.04792392430092
455.04309972940115, 97.11978156482441
460.4306051217695, 96.68863572168345
467.61394564492724, 96.76049336220694
474.797286168085, 96.7245645419452
481.9806266912428, 96.58084926089822
485.57229695282166, 97.40721212691837
490.95980234519, 97.44314094718011
496.3473077375583, 96.95810187364656
508.91815365308446, 95.82634403540156
510.7139887838739, 96.65270690142171
511.31260049413703, 96.10179832407495
516.1014941762422, 96.50899162037473
525.0806698301894, 95.7365219847472
539.447350876505, 96.43713397985124
539.447350876505, 96.0059881367103
539.447350876505, 95.4401092175878
546.6306913996627, 94.92812352885792
552.0181967920311, 96.25748987854251
568.180712969136, 94.96405234911967
575.3640534922938, 95.61077111383109
575.3640534922938, 95.17962527069014
582.5473940154516, 94.9460879389888
589.7307345386093, 94.70356840222202
597.5126867720303, 94.90417098201677
605.8932507157143, 94.78440824781094
605.8932507157143, 94.13768948309952
611.2807561080826, 93.54486394878072
614.8724263696615, 94.83830147820356
620.25993176203, 94.82033706807269
625.6474371543983, 94.35326240466999
625.6474371543983, 93.99397420205254
625.6474371543983, 93.54486394878072
640.0141182007138, 93.54486394878072
647.1974587238716, 93.54486394878072
652.5849641162399, 93.59875717917333
654.3807992470294, 94.02092081724885
661.5641397701871, 93.81433010074382
668.7474802933449, 93.4047415497599
675.9308208165027, 94.90836267771397
675.9308208165027, 93.54486394878072
683.1141613396604, 94.20954712362301
690.2975018628182, 94.5508709161096
695.6850072551865, 94.64069296676396
698.079454096239, 95.11974390358723
702.8683477783443, 94.92812352885792
704.6641829091337, 94.4251200451935
704.6641829091337, 94.06583184257603
715.4391936938704, 95.30537614160626
720.8266990862387, 95.28741173147539
730.4044864504491, 94.82033706807269
736.9892152633437, 94.83830147820356
741.1794972351857, 94.38919122493174
744.1725557865014, 95.03590998964316
747.7642260480803, 94.13768948309952
748.3628377583435, 94.66464551360512
754.9475665712381, 94.85626588833443
762.1309070943959, 94.82033706807269
762.1309070943959, 94.44308445532437
769.3142476175536, 94.49697768571698
769.3142476175536, 94.06583184257603
769.3142476175536, 93.6167215893042
774.7017530099221, 94.02990302231429
795.054551158869, 96.61677808115996
799.8434448409743, 96.65270690142171
804.6323385230794, 97.50302231428303
819.5976312796581, 97.04792392430092
826.7809718028159, 98.08985971189153
833.9643123259737, 97.56889181809623
841.1476528491314, 99.09586667922042
841.1476528491314, 98.66472083607947
841.1476528491314, 98.23357499293851
846.5351582414997, 98.26950381320026
852.5212753441311, 97.53895113454477
855.514333895447, 96.92217305338481
859.7046158672889, 97.61080877506826
866.2893446801836, 97.70362489407778
872.8740734930783, 97.62278504848885
880.6560257264991, 97.44314094718011
887.8393662496569, 97.46110535731098
895.0227067728147, 97.46110535731098
902.8046590062356, 97.21559175218906
907.5935526883408, 97.1916392053479
917.1713400525512, 96.34132379248659
923.1574571551827, 96.23353733170134
929.1435742578142, 96.29341869880426
948.897760696498, 94.38919122493174
956.0811012196558, 94.96405234911967
961.4686066120241, 93.52689953864984
963.2644417428136, 94.04786743244516
977.6311227891291, 94.55685905281989
977.6311227891291, 93.54486394878072
981.222793050708, 94.17361830336127
984.8144633122869, 93.52689953864984
988.4061335738658, 94.37122681480086
993.7936389662341, 94.49697768571698
999.1811443586024, 93.44605969306092
1006.3644848817602, 93.45504189812635
1014.1464371151811, 93.25623575934469
1020.7311659280757, 93.4909707183881
1027.9145064512336, 93.32929102721025
1035.0978469743914, 93.52689953864984
1042.2811874975491, 92.90712738913473
1049.464528020707, 93.54486394878072
1056.6478685438647, 93.11371810563978
1063.232597356759, 93.2993503436588
1067.422879328601, 93.00593164485454
1071.0145495901802, 93.41911307786461
1072.8103847209695, 93.00593164485454
1078.197890113338, 93.3921664626683
1085.3812306364957, 93.24306185858205
1090.7687360288642, 93.9580453817908
1092.5645711596535, 93.54486394878072
1099.7479116828113, 93.67061481969682
1106.931252205969, 93.56282835891159
1110.5229224675477, 94.13768948309952
1114.1145927291268, 93.54486394878072
1117.7062629907055, 94.02990302231429
1121.2979332522846, 93.56282835891159
1126.685438644653, 93.67061481969682
1129.0798854857057, 93.97002165521138
1133.8687791678108, 93.59875717917333
1142.8479548217579, 94.06583184257603
1150.0312953449156, 93.99397420205254
1155.418800737284, 93.9580453817908
1157.2146358680734, 94.53290650597873
1164.3979763912312, 95.26944732134451
1178.7646574375467, 95.10776763016665
1185.349386250441, 94.99998116938141
1189.5396682222836, 94.65865737689484
1194.9271736146516, 94.60476414650222
1200.31467900702, 95.30537614160626
1205.7021843993884, 94.53290650597873
1207.4980195301778, 94.7484794275492
1212.8855249225462, 94.64069296676396
1226.0549825483354, 95.03590998964316
1230.8438762304404, 95.43112701252237
1230.8438762304404, 94.8742302984653
1240.421663594651, 95.50298465304586
1245.210557276756, 95.71855757461633
1247.0063924075457, 95.30537614160626
1250.5980626691244, 94.91015911872705
1254.1897329307035, 95.39519819226062
1257.7814031922821, 95.82634403540156
1260.7744617435978, 95.16764899726957
1269.155025687282, 95.1436964504284
1272.746695948861, 94.8083607946521
1276.3383662104397, 95.39519819226062
1281.1272598925448, 95.57484229356935
1287.1133769951766, 94.56883532624047
1293.698105808071, 94.51494209584786
1295.4939409388603, 93.59875717917333
1297.28977606965, 94.02990302231429
1301.4800580414922, 94.37721495151116
1307.4661751441236, 94.36523867809058
1308.0647868543865, 93.54486394878072
1308.66339856465, 94.90417098201677
1315.2481273775443, 95.23351850108276
1318.8397976391234, 95.82634403540156
1322.431467900702, 94.82033706807269
1323.0300796109655, 95.28741173147539
1327.8189732930705, 94.92812352885792
1335.0023138162283, 94.02990302231429
1336.7981489470176, 94.82033706807269
1336.7981489470176, 94.46104886545524
1342.185654339386, 94.56883532624047
1351.1648299933331, 94.20056491855757
1358.3481705164909, 94.49697768571698
1358.3481705164909, 94.0837962527069
1365.5315110396486, 94.4251200451935
1365.5315110396486, 94.0837962527069
1370.919016432017, 94.13768948309952
1381.694027216754, 94.92812352885792
1385.2856974783326, 93.9580453817908
1387.081532609122, 94.40715563506262
1387.081532609122, 93.52689953864984
1394.2648731322797, 94.10176066283778
1394.2648731322797, 93.67061481969682
1394.2648731322797, 93.25743338668676
1400.8496019451745, 93.82630637416439
1405.0398839170166, 93.6167215893042
1408.6315541785953, 94.53290650597873
1408.6315541785953, 94.10176066283778
1412.2232244401744, 93.45504189812635
1417.6107298325428, 93.22150456642501
1426.58990548649, 93.81433010074382
1433.1746342993843, 93.56282835891159
1433.7732460096477, 93.97600979192167
1440.9565865328054, 94.37122681480086
1448.1399270559632, 94.13768948309952
1452.3302090278053, 93.65863854627625
1458.9149378406996, 93.52689953864984
1466.0982783638578, 94.2131400056492
1466.0982783638578, 93.65265040956595
1473.2816188870156, 93.54486394878072
1476.8732891485943, 94.80237265794182
1481.0635711204363, 94.5448827793993
1487.6482999333311, 94.7484794275492
1494.831640456489, 94.62272855663309
1502.0149809796467, 94.25445814895019
1506.2052629514887, 93.64666227285566
1512.789991764383, 93.67061481969682
1516.3816620259622, 94.63470483005366
1519.9733322875409, 93.52689953864984
1523.56500254912, 94.78440824781094
1523.56500254912, 94.38919122493174
1527.1566728106986, 93.56282835891159
1532.544178203067, 93.52689953864984
1534.3400133338564, 94.98201675925054
1541.5233538570142, 94.99998116938141
1545.1150241185933, 94.71255060728745
1550.5025295109613, 94.67662178702571
1552.298364641751, 94.02990302231429
1557.685870034119, 94.06583184257603
1563.6719871367509, 94.78440824781094
1570.2567159496452, 95.03590998964316
1570.2567159496452, 94.65865737689484
1576.84144476254, 94.83231334149328
1584.0247852856978, 94.94009980227851
1590.0109023883292, 95.0718388099049
1595.3984077806977, 95.50298465304586
1602.5817483038554, 95.4131626023915
1623.5331581630653, 95.17962527069014
1624.1317698733287, 95.68262875435458
1630.716498686223, 95.17962527069014
1631.3151103964865, 95.68262875435458
1638.4984509196443, 95.70059316448545
1643.8859563120127, 95.46705583278411
1659.4498607788541, 95.65867620751342
1663.6401427506962, 95.4131626023915
1669.0276481430647, 95.43112701252237
1674.415153535433, 96.3024009038697
1680.9998823483274, 96.10179832407495
1688.7818345817486, 96.07784577723379
1695.9651751049064, 95.16166086055927
1702.5499039178007, 95.0718388099049
1703.7471273383271, 95.55088974672819
1710.331856151222, 95.23351850108276
1716.9165849641163, 95.22753036437247
1724.6985371975375, 95.76706148196969
1731.8818777206952, 95.46705583278411
1739.065218243853, 95.28741173147539
1739.065218243853, 94.67662178702571
1744.4527236362214, 94.78440824781094
1746.8471704772742, 95.11974390358723
1753.4318992901685, 95.23351850108276
1760.0166281030629, 94.8802184351756
1764.8055217851684, 94.58081159966105
1767.798580336484, 95.57484229356935
1768.3971920467475, 95.02393371622259
1773.1860857288525, 95.43112701252237
1774.9819208596418, 94.86524809339987
1782.1652613827996, 95.12573204029752
1789.3486019059574, 94.58679973637135
1796.5319424291151, 94.46104886545524
1803.715282952273, 94.47003107052066
1807.905564924115, 95.5987948404105
1812.69445860622, 95.8622728556633
1818.0819639985884, 94.11972507296865
1823.4694693909569, 94.35326240466999
1836.040315306483, 95.01794557951229
1840.2305972783251, 94.47302513887581
1843.2236558296408, 94.99998116938141
1846.8153260912195, 94.58679973637135
1852.202831483588, 94.64069296676396
1861.182007137535, 95.1436964504284
1867.7667359504298, 95.19160154411072
1872.5556296325349, 94.73650315412861
1879.1403584454297, 94.71255060728745
1883.3306404172718, 94.18559457678185
1886.3236989685875, 94.58679973637135
1889.915369230166, 93.54486394878072
1897.0987097533239, 94.29936917427737
1902.4862151456923, 94.24547594388476
1911.4653907996394, 93.97600979192167
1918.6487313227972, 95.1436964504284
1918.6487313227972, 94.54188871104417
1925.233460135692, 94.9520760756991
1930.022353817797, 94.7484794275492
1936.0084709204289, 94.50895395913756
1936.6070826306918, 95.0718388099049
1943.7904231538496, 94.96405234911967
1949.177928546218, 94.82033706807269
1954.565433938586, 95.30537614160626
1961.7487744617438, 94.92812352885792
1968.9321149849015, 94.60476414650222
1983.298796031217, 94.68560399209115
1990.4821365543748, 94.91015911872705
1997.6654770775326, 95.35926937199888
2004.2502058904274, 94.9520760756991
2004.8488176006904, 95.46705583278411
2010.2363229930588, 95.35926937199888
2012.6307698341116, 95.670652480934
2018.616886936743, 95.81436776198099
2024.6030040393744, 95.46705583278411
2026.997450880427, 95.81436776198099
2033.5821796933215, 96.14970341775728
2040.7655202164792, 96.61677808115996
2040.7655202164792, 96.05988136710292
2047.948860739637, 95.4401092175878
2053.3363661320054, 95.71855757461633
2053.3363661320054, 95.28741173147539
2055.1322012627948, 96.13173900762641
2061.7169300756896, 96.05389323039262
2076.6822228322685, 95.93413049618681
2083.8655633554263, 96.17485359194049
2091.048903878584, 96.4012051595895
2091.048903878584, 96.02395254684117
2098.232244401742, 96.11377459749554
2101.8239146633205, 95.48502024291498
2105.4155849248996, 95.79041521513982
2109.0072551864782, 95.48502024291498
2113.1975371583203, 95.79041521513982
2119.1836542609517, 95.17962527069014
2119.782265971215, 95.68262875435458
2121.5781011020044, 94.89219470859618
2131.1558884662145, 95.45507955936353
2137.1420055688463, 95.43112701252237
2141.9308992509514, 95.88622540250448
2148.515628063846, 95.57484229356935
2148.515628063846, 94.99099896431598
2155.698968587004, 95.75448639487807
2159.2906388485826, 95.32334055173713
2164.678144240951, 95.32334055173713
2166.4739793717404, 96.13173900762641
2171.861484764109, 96.16766782788815
2184.432330679635, 96.4012051595895
2197.003176595161, 95.93413049618681
2205.9823522491083, 95.61077111383109
2213.165692772266, 95.37723378212975
2220.349033295424, 95.82634403540156
2220.349033295424, 95.4131626023915
2234.7157143417394, 95.341304961868
2241.899054864897, 95.97005931644856
2248.483783677792, 95.7425101214575
2250.8782305188442, 95.46705583278411
2258.061571042002, 96.11377459749554
2259.857406172792, 95.26944732134451
2270.632416957528, 96.45509838998211
2277.815757480686, 96.329347519066
2284.9990980038438, 96.97606628377743
2303.5560610220014, 96.58084926089822
2308.3449547041064, 96.86827982299219
2309.542178124633, 96.30539497222483
2317.324130358054, 96.31138310893513
2321.5144123298955, 96.60480180773939
2328.0991411427904, 96.68863572168345
2328.0991411427904, 96.329347519066
2342.465822189106, 96.94013746351568
2347.8533275814743, 96.94013746351568
2349.0505510020007, 96.10179832407495
2353.2408329738428, 95.95209490631768
2357.4311149456844, 96.22156105828077
2368.2061257304213, 96.11976273420582
2374.790854543316, 96.27545428867339
2378.3825248048947, 97.01199510403917
2380.178359935684, 96.18563223801902
2382.572806776737, 96.62875435458055
2389.1575355896316, 96.56288485076735
2396.9394878230523, 96.74851708878637
2399.932546374368, 96.4012051595895
2401.728381505158, 96.94013746351568
2414.2992274206836, 96.16766782788815
2421.4825679438413, 96.58084926089822
2435.849248990157, 96.05089916203748
2441.2367543825253, 96.25748987854251
2447.2228714851567, 96.60480180773939
2453.8076002980515, 96.74252895207607
2453.8076002980515, 96.27545428867339
2461.5895525314722, 96.14970341775728
2468.174281344367, 96.18563223801902
2474.759010157262, 96.44911025327183
2481.9423506804196, 96.46108652669241
2486.1326326522612, 95.97904152151398
2489.7243029138403, 96.5269560305056
2491.5201380446297, 96.04191695697205
2500.4993136985768, 96.7245645419452
2507.0840425114716, 96.0658695038132
2511.8729361935766, 95.64270784295265
2514.8659947448923, 96.18563223801902
2518.4576650064714, 95.64669993409284
2522.6479469783135, 95.3353168251577
2525.641005529629, 95.84430844553243
2526.239617239892, 96.36527633932775
2531.0285109219976, 95.79041521513982
2532.824346052787, 96.7245645419452
2532.824346052787, 96.07784577723379
2536.416016314366, 97.55092740796536
2537.014628024629, 97.00001883061859
2543.599356837524, 96.34731192919688
2550.7826973606816, 96.38324074945862
2557.9660378838394, 96.34731192919688
2565.74799011726, 95.74730063082572
2572.332718930155, 96.17485359194049
2579.5160594533127, 95.59280670370022
2581.311894584102, 95.1436964504284
2586.6993999764704, 96.43713397985124
2586.6993999764704, 96.0059881367103
2586.6993999764704, 95.57484229356935
2593.882740499628, 95.88921947085962
2608.2494215459437, 95.80837962527069
2622.6161025922593, 96.27545428867339
2629.799443115417, 96.22156105828077
2636.982783638575, 96.05988136710292
2644.1661241617326, 96.02395254684117
2651.3494646848903, 96.29341869880426
2651.9480763951533, 96.70061199510404
2658.532805208048, 96.31138310893513
2665.716145731206, 96.56288485076735
2672.8994862543636, 96.61677808115996
2679.4842150672584, 96.22156105828077
2681.8786619083107, 95.97005931644856
2687.266167300679, 96.32575463703984
2691.456449272521, 95.95808304302797
2695.0481195341, 95.52693719988702
2696.2453429546263, 96.14970341775728
2702.2314600572577, 95.011957442802
2708.8161888701525, 94.76644383768007
2708.8161888701525, 94.1826005084267
2708.8161888701525, 93.58079276904246
2715.9995293933102, 95.80478674324452
2723.182869916468, 95.7365219847472
2730.366210439626, 96.27545428867339
2737.5495509627835, 95.84430844553243
2744.7328914859413, 96.23952546841164
2756.1065139809407, 95.81436776198099
2762.0926310835725, 95.85029658224273
2769.8745833169933, 96.17665003295359
2775.2620887093617, 96.11377459749554
2780.64959410173, 95.57484229356935
2787.832934624888, 96.11377459749554
2795.6148868583086, 95.46705583278411
2801.6010039609405, 95.32334055173713
2806.3898976430455, 95.13172017700782
2812.376014745677, 95.38322191884004
2817.164908427782, 95.95808304302797
2821.9538021098874, 95.97005931644856
2821.9538021098874, 94.24547594388476
2824.3482489509397, 94.5448827793993
2830.9329777638345, 95.28741173147539
2838.1163182869923, 95.55687788343847
2851.884387623045, 94.91614725543735
2853.081611043571, 95.4071744656812
2857.8705047256763, 95.46705583278411
2866.8496803796234, 94.91015911872705
2881.216361425939, 94.19158271349214
2888.3997019490967, 94.50595989078242
2895.5830424722544, 94.73051501741833
2906.3580532569913, 94.58679973637135
2913.541393780149, 94.47901327558611
2920.724734303307, 94.29936917427737
2927.3094631162016, 94.46104886545524
2934.4928036393594, 94.8802184351756
2942.27475587278, 94.98201675925054
2945.866426134359, 94.46104886545524
2949.458096395938, 95.12573204029752
2953.0497666575166, 94.51494209584786
2960.8317188909373, 94.70057433386687
2966.817835993569, 94.36523867809058
2967.416447703832, 95.74370774879955
2967.416447703832, 95.32334055173713
2967.416447703832, 94.89219470859618
2969.2122828346214, 94.10176066283778
2974.001176516727, 94.76045570096977
2974.59978822699, 95.25148291121363
2981.7831287501476, 94.92812352885792
2981.7831287501476, 94.51494209584786
2988.9664692733054, 94.82931927313813
2996.149809796463, 95.3143583466717
3003.333150319621, 95.25148291121363
3003.333150319621, 94.65865737689484
3003.333150319621, 93.54486394878072
3011.1151025530417, 95.49100837962527
3017.1012196556735, 95.44310328594294
3021.8901133377785, 95.23950663779306
3028.4748421506733, 95.26944732134451
3035.059570963568, 94.99998116938141
3035.658182673831, 95.50298465304586
3041.0456880661995, 95.10776763016665
3042.841523196989, 95.48502024291498
3054.2151456919883, 95.57484229356935
3060.20126279462, 95.52693719988702
3064.391544766462, 95.4131626023915
3089.533236597514, 95.46705583278411
3089.533236597514, 95.03950287166934
3096.716577120672, 95.79041521513982
3096.716577120672, 95.19758968082101
3103.8999176438297, 95.71855757461633
3114.6749284285665, 94.40715563506262
3118.8652104004086, 94.78440824781094
3124.85132750304, 94.85626588833443
3126.0485509235664, 95.38322191884004
3132.6332797364607, 96.11377459749554
3146.9999607827763, 94.57781753130591
3154.1833013059345, 95.341304961868
3160.768030118829, 94.90417098201677
3164.958312090671, 94.46104886545524
3172.1416526138287, 94.53290650597873
3175.733322875408, 95.1436964504284
3179.3249931369864, 94.78440824781094
3184.712498529355, 94.92812352885792
3190.1000039217233, 94.53290650597873
3199.0791795756704, 95.64669993409284
3211.6500254911966, 93.54486394878072
3215.8403074630382, 93.99397420205254
3220.6292011451437, 94.0837962527069
3226.016706537512, 95.69161095942002
3233.20004706067, 95.18860747575559
3240.3833875838277, 95.1436964504284
3247.5667281069855, 95.28741173147539
3251.757010078827, 94.84428961491385
3254.7500686301432, 95.43112701252237
3257.743127181459, 94.8083607946521
3263.7292442840903, 94.78440824781094
3267.320914545669, 95.64669993409284
3269.1167496764588, 95.88742302984653
3269.7153613867217, 96.41318143301008
3276.3000901996165, 94.77842011110066
3287.075100984353, 96.02395254684117
3288.8709361151423, 95.61077111383109
3305.0334522922476, 95.7365219847472
3308.6251225538263, 95.08980322003578
3315.808463076984, 95.0718388099049
3322.991803600142, 95.1436964504284
3327.182085571984, 94.84428961491385
3340.9501549080364, 94.98201675925054
3348.133495431194, 95.08082101497034
3353.5210008235626, 94.92812352885792
3362.5001764775097, 95.82634403540156
3369.0849052904045, 95.29938800489596
3373.873798972509, 95.011957442802
3376.8668575238253, 94.49697768571698
3380.458527785404, 95.10776763016665
3384.648809757246, 95.62274738725168
3389.4377034393515, 96.04191695697205
3399.0154908035615, 95.02393371622259
3405.6002196164563, 95.03590998964316
3410.987725008825, 95.17962527069014
3419.966900662772, 95.30537614160626
3427.1502411859296, 95.84430844553243
3449.298874465666, 94.78440824781094
3455.8836032785607, 95.01794557951229
3462.4683320914555, 94.92812352885792
3470.2502843248762, 95.03590998964316
3476.835013137771, 95.67783824498635
3481.025295109613, 95.39519819226062
3488.208635632771, 95.39519819226062
3493.596141025139, 95.32334055173713
3506.166986940665, 94.29936917427737
3506.166986940665, 93.54486394878072
3527.7170085101384, 93.54486394878072
3531.3086787717175, 94.44308445532437
3531.3086787717175, 94.02990302231429
3536.6961841640855, 94.0837962527069
3539.090631005138, 94.53290650597873
3543.8795246872432, 94.47901327558611
3549.2670300796117, 94.17361830336127
3554.65453547198, 95.64669993409284
3563.633711125927, 94.73051501741833
3570.817051649085, 94.61374635156766
3578.0003921722428, 95.03590998964316
3584.5851209851376, 94.94009980227851
3585.1837326954005, 93.54486394878072
3588.7754029569796, 94.02990302231429
3589.3740146672426, 94.60476414650222
3594.1629083493476, 94.22751153375388
3596.5573551904004, 94.83231334149328
3602.543472293032, 95.1436964504284
3608.5295893956636, 95.17962527069014
3614.5157064982945, 94.52093023255814
3639.058786619084, 95.08980322003578
3646.8407388525047, 95.05986253648433
3650.4324091140834, 94.55685905281989
3653.4254676653995, 95.08980322003578
3660.6088081885573, 94.92812352885792
3668.390760421978, 94.89219470859618
3673.1796541040835, 95.03590998964316
3682.1588297580306, 94.4251200451935
3687.546335150399, 94.31733358440825
3689.9407819914513, 95.1436964504284
3694.729675673557, 95.1436964504284
3700.117181065925, 94.49697768571698
3707.3005215890826, 94.44308445532437
3714.4838621122403, 94.35326240466999
3718.0755323738194, 93.87720553620187
3721.667202635398, 94.64069296676396
3725.258872896977, 94.07840692966764
3725.258872896977, 93.56282835891159
3730.6463782893456, 93.76043687035119
3736.0338836817136, 94.61374635156766
3743.2172242048714, 93.85025892100556
3743.2172242048714, 93.28438000188306
3750.400564728029, 94.13768948309952
3750.400564728029, 93.54486394878072
3757.583905251187, 93.54486394878072
3764.767245774345, 93.54486394878072
3771.950586297503, 93.52689953864984
3771.950586297503, 93.11371810563978
3778.5353151103973, 93.41911307786461
3786.3172673438185, 93.05982487524716
3794.0992195772396, 93.37120798418229
3800.683948390134, 93.43168816495623
3807.8672889132918, 92.95203841446192
3807.8672889132918, 92.59275021184446
3818.642299698028, 93.56282835891159
3822.2339699596073, 92.59275021184446
3824.0298050903966, 93.52689953864984
3828.8186987725016, 92.57358817437154
3840.1923212675015, 93.47300630825723
3847.3756617906593, 93.47300630825723
3852.7631671830277, 93.4909707183881
3857.5520608651327, 92.37717729027399
3858.150672575396, 92.89095942001696
3863.538177967764, 92.95203841446192
3879.7006941448694, 92.91610959420018
3886.884034668027, 92.8981451840693
3894.067375191185, 92.6017324169099
3900.6521040040793, 92.35322474343283
3908.4340562375005, 92.66460785236795
3915.6173967606583, 92.44903493079748
3922.800737283816, 92.54783918651728
3929.3854660967104, 92.55682139158272
3933.5757480685525, 92.46699934092835
3938.963253460921, 92.59275021184446
3943.752147143026, 91.50530458525563
3947.942429114868, 92.17956877883438
3953.3299345072364, 92.233462009227
3958.717439899605, 91.35320591281425
3965.9007804227626, 91.98196026739478
3972.485509235657, 92.00591281423596
3976.675791207499, 91.8382449863478
3986.8521902819725, 93.38318425760286
3988.0494137024994, 92.82029940683552
3992.8383073846044, 93.52689953864984
3998.2258127769724, 93.02389605498541
4003.613318169341, 92.98796723472367
4009.0008235617092, 92.418495433575
4016.184164084867, 92.28735523961963
4030.5508451311825, 92.54783918651728
4037.7341856543403, 91.78435175595519
4044.917526177498, 92.3053196497505
4052.100866700656, 92.9700028245928
4058.68559551355, 92.67658412578854
4063.474489195656, 92.3652010168534
4068.2633828777607, 92.14363995857263
4080.834228793287, 93.02389605498541
4095.2009098396024, 93.4909707183881
4095.2009098396024, 92.90712738913473
4102.38425036276, 92.28735523961963
4108.968979175655, 92.1735806421241
4116.750931409076, 93.42989172394314
4117.349543119339, 92.86341399114961
4123.934271932233, 92.75442990302231
4131.117612455391, 92.26939082948876
4131.117612455391, 91.69452970530082
4138.300952978549, 92.6286790321062
4149.674575473549, 92.46101120421807
4153.266245735128, 91.92207890029188
4156.259304286444, 93.31132661707937
4156.259304286444, 92.3053196497505
4156.857915996707, 92.82508991620375
4161.646809678811, 92.90533094812164
4167.6329267814435, 92.50891629790038
4172.421820463548, 92.44903493079748
4177.8093258559165, 93.44426325204783
4181.400996117496, 92.98796723472367
4184.992666379075, 93.41911307786461
4189.182948350917, 93.08856793145655
4195.767677163812, 93.58079276904246
4202.951017686969, 93.52689953864984
4210.134358210127, 93.8861877412673
4210.134358210127, 93.48198851332266
4217.3176987332845, 92.73646549289144
4224.501039256443, 93.32929102721025
4224.501039256443, 92.77239431315319
4231.085768069337, 91.99393654081537
4232.282991489864, 92.53286884474156
4237.0718851719685, 93.31132661707937
4239.466332013021, 93.6370812541192
4246.051060825916, 93.35444120139347
4253.234401349074, 94.56883532624047
4253.234401349074, 94.13768948309952
4253.234401349074, 93.52689953864984
4258.621906741442, 93.52689953864984
4261.016353582495, 93.77840128048206
4265.8052472645995, 94.02990302231429
4267.601082395389, 93.54486394878072
4274.784422918547, 93.34246492797288
4281.967763441705, 93.41911307786461
4289.151103964862, 93.34725543734112
4289.151103964862, 92.91610959420018
4289.151103964862, 92.26939082948876
4296.33444448802, 93.50893512851897
4303.517785011178, 93.25743338668676
4310.102513824072, 93.1676113360324
4319.680301188283, 92.12567554844176
