305.92946249807505, 91.7357153858001
311.3352841521641, 91.9159094409364
323.94886801170514, 93.86801170491299
329.3546896657941, 93.77791467734484
334.76051131988316, 96.09040505159403
350.9779762821502, 99.60418912675189
356.3837979362392, 102.07685199445558
361.78961959032824, 102.12690589866011
371.3999691975976, 104.40936393038658
378.0070845525953, 104.28923456029571
378.0070845525953, 103.65855536731866
385.2148467580473, 103.38826428461421
390.62066841213635, 103.32819959956878
403.2342522716774, 100.48513784075158
403.2342522716774, 99.66425381179732
410.4420144771294, 99.45402741413831
421.25365778530744, 98.61312182350224
428.46141999075945, 97.2916987525027
435.66918219621147, 97.20160172493456
442.87694440166354, 97.05144001232097
457.29246881256756, 98.58308948097952
464.5002310180196, 97.68211920529802
479.516402279378, 98.82334822116127
486.1235176343757, 99.09363930386571
492.7306329893733, 99.55747214949434
500.5390420452797, 100.95564454027415
507.7468042507317, 101.91667950100108
514.9545664561838, 103.35823194209149
522.1623286616357, 105.32535037732944
558.2011396888959, 99.63422146927462
572.6166640997999, 96.96134298475282
592.438010164793, 94.55875558293548
599.645772370245, 93.83797936239029
608.6554751270601, 92.48652394886803
616.4638841829664, 91.41537039889113
623.0709995379641, 91.25519790543663
637.4865239488681, 91.28523024795935
659.1098105652242, 90.50438934236871
666.9182196211306, 90.63452949330049
673.5253349761283, 90.92484213768675
673.5253349761283, 90.1139688895734
680.7330971815803, 91.04497150777762
680.7330971815803, 90.08393654705068
695.1486215924843, 91.52548898814109
700.5544432465733, 91.3753272755275
723.9796704142924, 93.50762359464039
731.7880794701987, 94.67888495302634
738.3951948251964, 94.85907900816265
760.0184814415526, 98.17765285692285
765.4243030956416, 98.10257200061605
767.2262436470046, 100.11473894963808
774.4340058524566, 101.82658247343294
781.6417680579086, 103.92884645002312
788.8495302633606, 104.43939627290929
796.0572924688126, 103.98891113506855
803.2650546742647, 103.44832896965964
808.6708763283536, 103.0278761743416
832.0961034960727, 98.7332511935931
839.3038657015247, 98.04250731557062
853.7193901124289, 97.20160172493456
860.9271523178809, 97.1115046973664
868.1349145233329, 96.78114892961652
882.5504389342369, 96.9313106422301
896.965963345141, 97.38179578007086
904.173725550593, 97.99745880178655
910.7808409055907, 98.06252887725243
920.39119051286, 99.48405975666103
933.0047743724011, 101.34606499306946
938.4105960264901, 102.48729400893271
947.4202987833052, 105.19020483597721
952.8261204373941, 105.31033420606808
961.8358231942092, 107.6828892653627
967.2416448482982, 107.53272755274912
983.4591098105652, 103.83874942245495
999.6765747728323, 101.10580625288773
1003.2804558755583, 99.00354227629757
1012.2901586323734, 97.08147235484368
1017.6959802864624, 96.90127829970739
1024.9037424919143, 96.60095487448022
1033.9134452487294, 95.51979054366242
1041.1212074541813, 95.45972585861698
1046.5270291082704, 95.51979054366242
1059.1406129678116, 93.77791467734484
1066.3483751732635, 93.77791467734484
1073.5561373787154, 93.92807638995842
1080.7638995841676, 94.07823810257202
1086.1697212382564, 94.13830278761745
1105.9910673032496, 95.27953180348068
1113.1988295087017, 94.52872324041276
1124.0104728168797, 95.21946711843525
1131.2182350223318, 95.21946711843525
1138.4259972277837, 95.38965039273064
1146.5347297089172, 96.2856152779917
1151.0395810873247, 96.30063144925305
1152.8415216386877, 97.21661789619591
1163.653164946866, 98.76328353611582
1170.2602803018635, 99.54412444170646
1185.2764515632218, 102.96781148929617
1192.484213768674, 103.71862005236409
1199.6919759741259, 103.65855536731866
1203.8965039273064, 104.2051440012321
1209.9029724318495, 104.36131218235023
1214.1075003850299, 103.89881410750039
1235.730787001386, 101.19590328045588
1242.9385492068382, 100.89557985522872
1253.7501925150161, 99.66425381179732
1259.1560141691052, 99.78438318188819
1264.561835823194, 98.80332665947944
1271.7695980286462, 98.58308948097952
1278.9773602340981, 98.49299245341138
1296.9967657477282, 98.19266902818421
1300.6006468504543, 98.94347759125213
1304.2045279531803, 98.25273371322965
1311.4122901586322, 98.28276605575236
1319.2206992145386, 98.40289542584323
1325.8278145695363, 98.58308948097952
1332.434929924534, 99.04358539966118
1343.8472200831663, 99.63422146927462
1349.2530417372554, 99.90451255197907
1358.2627444940704, 100.71538580009242
1365.4705066995225, 101.5863237332512
1372.6782689049744, 102.54735869397814
1396.1034960726936, 104.6496226705683
1405.2980132450332, 105.82781456953643
1423.1326043431386, 103.80871707993225
1438.1487756044971, 103.0712562246522
1448.3597720622208, 101.25596796550131
1451.3630063144924, 99.4239950716156
1452.5643000154012, 100.30494378561528
1457.3694748190358, 100.80548282766057
1466.3791775758507, 98.61312182350224
1471.7849992299398, 98.58308948097952
1480.794701986755, 97.95241028800247
1487.4018173417526, 97.40181734175266
1495.210226397659, 96.27059910673033
1500.6160480517478, 95.82011396888959
1513.229631911289, 96.5709225319575
1520.437394116741, 96.36069613429848
1527.645156322193, 96.06037270907132
1534.852918527645, 96.09040505159403
1545.664561835823, 95.88017865393502
1552.872324041275, 95.4897582011397
1560.0800862467272, 95.24949946095796
1565.485907900816, 95.57985522870786
1570.8917295549052, 96.27059910673033
1576.2975512089943, 96.24056676420761
1588.9111350685353, 97.05144001232097
1596.1188972739872, 97.20160172493456
1603.3266594794393, 97.50192515016172
1610.5344216848912, 98.10257200061605
1629.1544740489758, 100.02464192206993
1635.7615894039734, 100.44509471738796
1641.1674110580623, 100.56522408747884
1673.6023409825964, 98.04250731557062
1684.4139842907746, 96.24056676420761
1697.0275681503156, 95.88017865393502
1703.6346835053132, 94.73894963807177
1706.0372709071305, 94.25843215770831
1715.0469736639457, 93.23733251193595
1720.4527953180345, 93.23733251193595
1736.6702602803016, 91.88587709841369
1743.8780224857537, 91.58555367318652
1751.0857846912056, 91.40535961805023
1761.8974279993838, 91.22516556291392
1779.916833513014, 91.64561835823196
1787.7252425689203, 91.81580163252735
1792.530417372555, 92.0961034960727
1797.9362390266438, 91.31526259048206
1797.9362390266438, 90.39927614353921
1805.144001232096, 92.03603881102727
1824.965347297089, 94.43862621284461
1833.975050053904, 96.00030802402588
1839.380871707993, 95.94024333898045
1842.984752810719, 96.60095487448022
1862.2054520252577, 96.00030802402588
1871.8158016325272, 94.31849684275375
1882.6274449407051, 90.23409825966426
1885.0300323425226, 90.70126803223985
1891.6371476975203, 90.02387186200525
1902.4487910056982, 88.67241644848299
1911.4584937625132, 87.17079932234716
1920.4681965193283, 86.38995841675651
1925.8740181734172, 86.32989373171108
1931.2798398275063, 85.06853534575698
1938.4876020329584, 84.82827660557524
1956.5070075465883, 84.01740335746189
1967.3186508547665, 83.65701524718929
1972.7244725088553, 83.92730632989375
1978.7309410133987, 82.5858616972124
1985.3380563683966, 83.17649776682583
1992.5458185738485, 83.20653010934853
1999.7535807793006, 84.22762975512092
2006.9613429847525, 84.9484059756661
2014.1691051902046, 84.97843831818884
2019.5749268442935, 85.18866471584785
2028.5846296011086, 86.81041121207456
2033.9904512551975, 86.87047589711999
2042.3995071615584, 87.71138148775606
2050.2079162174646, 90.08393654705068
2057.4156784229167, 89.83166486985985
2064.623440628369, 88.882642846142
2083.243492992453, 85.72924688125676
2089.2499614969965, 85.62913907284769
2097.0583705529025, 85.03850300323427
2103.665485907901, 84.30771600184816
2109.671954412444, 84.16756507007548
2122.285538271985, 82.54581857384878
2129.4933004774366, 82.21546280609888
2136.7010626828887, 82.18543046357618
2149.3146465424297, 82.12536577853075
2158.324349299245, 81.17934698906515
2165.5321115046972, 81.67488064068999
2179.9476359156015, 82.63591560141693
2187.1553981210527, 82.99630371168954
2194.363160326505, 84.52795318034808
2201.570922531957, 85.03850300323427
2212.9832126905894, 86.21643821551416
2219.590328045587, 86.40497458801788
2224.9961496996766, 86.63021715693824
2231.0026182042193, 88.07176959802865
2244.8174957646697, 90.08393654705068
2252.025257970121, 91.85584475589097
2262.8369012782996, 90.77468042507317
2270.0446634837517, 90.35422762975513
2275.4504851378406, 90.05390420452797
2280.8563067919295, 89.33312798398276
2288.0640689973816, 88.82257816109657
2295.2718312028337, 87.59125211766519
2300.6776528569226, 87.35099337748346
2310.288002464192, 86.61019559525644
2316.895117819189, 86.99060526721085
2324.1028800246413, 86.99060526721085
2331.3106422300934, 87.02063760973357
2338.5184044355456, 86.49206838133375
2349.3300477437233, 87.53118743261976
2354.735869397813, 87.47112274757433
2367.349453257354, 87.83151085784692
2374.5572154628053, 88.76251347605114
2381.7649776682574, 89.0328045587556
2389.5733867241643, 89.51332203911906
2396.1805020791617, 90.08393654705068
2399.784383181888, 91.04497150777762
2401.5863237332505, 90.1139688895734
2406.9921453873394, 91.7357153858001
2414.1999075927915, 91.82581241336825
2421.4076697982437, 91.9159094409364
2428.615432003696, 91.55552133066381
2432.2193131064223, 92.33636223625444
2434.0212536577847, 91.64561835823196
2446.6348375173256, 91.22516556291392
2461.05036192823, 90.6545510549823
2468.258124133682, 90.74464808255046
2482.6736485445863, 90.32419528723241
2489.8814107500384, 90.14400123209612
2497.0891729554905, 90.14400123209612
2504.2969351609418, 90.27414138302788
2511.504697366394, 90.59448636993687
2518.712459571846, 90.3692438010165
2525.920221777298, 90.8347451101186
2533.1279839827503, 91.3452949330048
2540.3357461882024, 92.0961034960727
2547.5435083936545, 92.48652394886803
2558.3551517018323, 93.53765593716311
2565.5629139072844, 93.41752656707224
2569.7674418604647, 94.01817341752658
2576.374557215462, 94.28846450023103
2583.5823194209142, 94.43862621284461
2597.9978438318185, 94.03318958878793
2604.604959186816, 93.77791467734484
2608.8094871399962, 93.53765593716311
2614.215308794085, 93.57369474819038
2619.621130448175, 92.63668566148161
2628.6308332049894, 91.3753272755275
2641.2444170645304, 90.8347451101186
2648.4521792699825, 90.95487448020947
2655.6599414754346, 90.68458339750501
2662.8677036808867, 90.98490682273219
2666.4715847836123, 90.20406591714155
2673.6793469890645, 90.32419528723241
2680.8871091945166, 90.15401201293702
2688.0948713999687, 90.26413060218698
2695.302633605421, 90.08393654705068
2702.510395810873, 90.08393654705068
2709.718158016325, 92.0961034960727
2713.3220391190507, 91.22516556291392
2713.3220391190507, 90.44432465732328
2715.123979670414, 91.97597412598184
2724.1336824272285, 93.80794701986756
2729.5395040813182, 93.89804404743572
2731.3414446326806, 94.7689819805945
2738.5492068381327, 94.85907900816265
2749.3608501463113, 96.81118127213924
2763.7763745572147, 96.9313106422301
2783.597720622208, 94.19836747266288
2799.8151855844753, 92.0961034960727
2807.0229477899275, 91.7357153858001
2814.2307099953796, 90.6545510549823
2825.0423533035573, 90.1139688895734
2832.2501155090094, 90.1139688895734
2839.4578777144616, 90.17403357461883
2846.665639919913, 89.84367780686895
2853.873402125365, 89.54335438164178
2861.081164330817, 90.05390420452797
2868.288926536269, 90.05390420452797
2875.4966887417213, 90.20406591714155
2880.90251039581, 90.1139688895734
2893.516094255351, 91.52548898814109
2900.7238564608033, 92.00600646850455
2915.1393808717075, 93.23733251193595
2922.3471430771597, 95.36962883104883
2936.762667488064, 97.31172031418453
2954.9668874172185, 100.39735099337749
2974.603419066687, 96.12043739411675
2999.830586785769, 92.27629755120901
3016.0480517480355, 91.1951332203912
3023.2558139534876, 91.13506853534577
3030.4635761589398, 90.89480979516404
3037.671338364392, 90.8347451101186
3037.671338364392, 90.17403357461883
3044.2784537193893, 90.49437856152781
3052.086862775296, 91.04497150777762
3059.2946249807483, 90.86477745264132
3073.7101493916516, 91.94594178345912
3089.927614353919, 93.89804404743572
3109.933774834437, 97.21854304635762
3125.827814569536, 100.39735099337749
3152.995533651624, 96.0303403665486
3167.4110580625284, 93.86801170491299
3175.2194671184343, 91.81580163252735
3181.8265824734326, 92.02602803018637
3189.0343446788847, 91.61558601570924
3196.242106884336, 91.270214076698
3202.8492222393343, 91.29524102880026
3207.0537501925146, 90.53442168489144
3214.2615123979667, 90.35422762975513
3219.6673340520556, 90.41429231480056
3232.2809179115966, 91.16510087786848
3239.4886801170487, 90.08393654705068
3244.8945017711376, 90.1139688895734
3253.904204527953, 91.16510087786848
3264.7158478361307, 92.8168797166179
3270.1216694902196, 92.9970737717542
3304.358539966117, 98.64315416602496
3315.1701832742947, 99.54412444170646
3325.9818265824724, 98.58308948097952
3333.1895887879245, 98.37286308332051
3338.5954104420134, 98.40289542584323
3363.8225781610963, 94.07823810257202
3376.4361620206373, 92.60665331895889
3383.6439242260885, 91.67565070075467
3390.8516864315407, 91.67565070075467
3398.059448636993, 91.58555367318652
3405.267210842445, 91.67565070075467
3412.474973047897, 92.0961034960727
3417.880794701986, 92.93700908670877
3462.328661635607, 97.2496534729709
3484.5525951024174, 101.52625904820577
3520.591406129677, 96.24056676420761
3525.997227783766, 95.94024333898045
3563.83797936239, 91.55552133066381
3571.045741567842, 92.12613583859542
3578.2535037732932, 91.21014939165256
3584.8606191282915, 91.3553057138457
3610.6884336978273, 92.84691205914062
3616.094255351917, 93.05713845679963
3622.10072385646, 94.31849684275375
3628.707839211458, 94.70891729554907
3634.113660865547, 94.55875558293548
3643.1233636223615, 97.26166640998
3665.3472970891717, 99.66425381179732
3671.95441244417, 99.9645772370245
3698.983520714615, 96.54089018943479
3704.389342368704, 95.00924072077623
3709.795164022793, 94.91914369320808
3719.405513630062, 92.9970737717542
3724.210688433697, 92.93700908670877
3736.824272293238, 92.12613583859542
3765.655321115046, 91.58555367318652
3772.863083320498, 91.49545664561836
3787.278607731402, 92.4264592638226
3798.09025103958, 92.90697674418605
3802.294778992761, 92.33636223625444
3808.9018943477586, 92.72678268904976
3823.317418758663, 95.4897582011397
3830.525180964114, 95.39966117357154
3837.732943169566, 96.90127829970739
3844.9407053750183, 97.12652086862776
3852.1484675804704, 97.39180656091176
3859.3562297859226, 98.17765285692285
3864.7620514400114, 98.52302479593409
3874.3724010472815, 96.82119205298014
3880.979516402279, 97.44186046511629
3895.3950408131823, 95.97027568150317
3909.8105652240865, 94.49869089789004
3924.226089634991, 93.20730016941323
3931.433851840443, 92.87694440166334
3935.0377329431685, 92.36639457877716
3942.8461419990754, 92.15616818111815
3948.852610503618, 91.93593100261822
3954.8590790081616, 91.9159094409364
3960.2649006622505, 92.63668566148161
3967.4726628677026, 91.52548898814109
3974.6804250731548, 92.12613583859542
3981.888187278607, 92.27629755120901
3987.2940089326958, 92.39642692129988
3996.904358539966, 93.7178499922994
4001.7095333436, 93.89804404743572
4021.530879408593, 95.79008162636687
4025.7354073617735, 96.200523640844
4032.342522716771, 97.74218389034345
4039.550284922223, 99.15370398891115
4046.758047127675, 99.21376867395658
4053.9658093331273, 98.85338056368397
4061.1735715385794, 97.59202217772987
4082.796858154935, 95.18943477591253
4100.816263668566, 93.47759125211768
4108.024025874017, 93.20730016941323
4114.631141229015, 92.83690127829972
4126.043431387648, 92.4264592638226
4140.458955798551, 92.90697674418605
4145.864777452641, 92.75681503157247
4158.478361312182, 92.93700908670877
4163.884182966271, 92.9970737717542
4169.2900046203595, 93.7178499922994
4174.695826274448, 93.65778530725397
4205.328815647619, 98.76328353611582
4226.952102263976, 100.77545048513785
4233.559217618973, 99.82843061758818
4252.179269983058, 96.51085784691207
4256.383797936238, 96.06037270907132
4262.990913291235, 96.12043739411675
4270.198675496687, 94.73894963807177
4277.40643770214, 93.86801170491299
4284.614199907592, 93.44755890959496
4291.821962113044, 93.3274295395041
4299.029724318496, 93.08717079932237
4306.237486523948, 93.01208994301557
4313.445248729399, 93.11720314184507
4313.445248729399, 92.45649160634531
4320.653010934851, 92.54658863391346
4327.8607731403035, 92.02102263976592
