298.3185600355547, 93.57515302652459
307.30599244463104, 93.42779415098617
312.69845189007685, 93.39832237587848
326.73267326732685, 96.49350649350649
346.85069504456686, 99.35162094763092
354.0406409718279, 100.08841532532306
361.23058689908896, 103.21242348673769
372.0155057899805, 105.74699614599864
377.40796523542633, 105.89435502153705
389.99037060813316, 105.45227839492178
425.94010024443844, 99.73475402403082
433.1300461716995, 99.41056449784628
440.31999209896054, 99.61686692360009
451.10491098985216, 97.9664475175697
458.2948569171132, 98.52641124461573
462.48899204134887, 99.19443814705659
468.4806136473997, 98.95866394619512
497.2403973564439, 100.47154840172296
508.6244784079406, 103.21242348673769
530.7934783503289, 106.16942492254212
536.7850999563798, 106.26766417290108
547.5700188472713, 104.72530794226554
553.5616404533222, 102.12196780775334
560.7515863805833, 101.17887100430741
569.7390187896596, 100.14735887553843
575.1314782351053, 100.11788710043074
580.5239376805512, 97.70120154160054
587.7138836078122, 97.43595556563137
593.106343053258, 97.34754024030832
598.4988024987038, 94.93085468147812
605.6887484259648, 94.31194740421672
612.2795321926209, 94.45930627975515
618.2711537986717, 94.34141917932442
627.258586207748, 93.16254817501701
634.448532135009, 92.5907957379279
641.6384780622701, 92.1703317463916
648.8284239895312, 92.13103604624801
656.0183699167923, 92.17524370890953
663.2083158440532, 91.33529811834052
670.3982617713143, 91.33529811834052
677.5882076985754, 92.0868283835865
684.7781536258365, 92.1133529811834
691.9680995530975, 91.71843119474042
699.1580454803585, 92.38154613466334
706.3479914076196, 92.17819088642031
713.5379373348807, 93.22149172523237
718.9303967803264, 93.28043527544774
727.9178291894028, 94.28247562910904
736.9052615984791, 95.52029018363183
756.677612898447, 98.20222171843119
763.8675588257081, 98.76218544547721
763.8675588257081, 97.77488097936975
769.2600182711539, 97.52437089095443
785.4373966074912, 104.02289730219904
792.6273425347523, 104.33235094082974
799.8172884620134, 104.30287916572206
805.2097479074591, 104.06710496486056
828.5770721710576, 100.85468147812287
835.7670180983187, 99.26320562230786
841.1594775437644, 99.29267739741555
847.1510991498152, 98.52641124461573
850.1469099528407, 99.60507821355702
853.1427207558662, 98.56570694475931
857.9360180407068, 98.15310209325172
864.5268018073629, 98.40852414418498
871.7167477346239, 97.34754024030832
878.9066936618849, 97.67172976649286
886.096639589146, 97.7896168669236
893.2865855164071, 98.11380639310813
900.4765314436681, 98.05486284289276
907.6664773709292, 99.05690319655406
913.058936816375, 98.43799591929267
915.4555854587953, 99.19443814705659
920.248882743636, 98.93901609612332
922.0463692254513, 99.52845159827703
936.4262610799734, 101.91566538199955
950.8061529344955, 105.21650419406029
965.1860447890176, 108.28156880525957
972.3759907162787, 107.4268873271367
979.5659366435398, 107.33847200181364
986.7558825708007, 103.97868963953752
1001.1357744253229, 101.17887100430741
1022.705612207106, 97.34754024030832
1029.296395973762, 96.9938789390161
1042.477963507074, 95.9918385853548
1062.2503148070418, 95.22557243255497
1068.8410985736978, 94.91120683140633
1077.2293688221691, 94.32177132925263
1083.820152588825, 94.34141917932442
1091.609260676691, 94.32177132925263
1097.600882282742, 94.55754553011411
1105.389990370608, 94.754024030832
1113.1790984584743, 94.95443210156427
1119.7698822251302, 95.66764905917026
1126.9598281523913, 96.10972568578553
1134.1497740796524, 96.34549988664702
1139.5422335250983, 96.58127408750849
1144.934692970544, 97.9664475175697
1150.3271524159898, 98.11380639310813
1159.9137469856712, 99.46950804806166
1164.707044270512, 99.70528224892314
1171.896990197773, 101.17887100430741
1182.6819090886645, 103.06506461119926
1188.0743685341104, 104.0081614146452
1195.2643144613714, 105.03967354341418
1202.4542603886325, 104.92178644298345
1209.6442063158936, 105.12808886873725
1215.0366657613392, 105.65858082067558
1229.4165576158614, 104.0081614146452
1238.4039900249377, 102.23985490818409
1245.5939359521988, 102.74087508501474
1263.5688007703513, 100.70732260258444
1270.7587466976124, 100.7957379279075
1277.9486926248735, 100.88415325323055
1283.3411520703194, 100.64837905236908
1295.923557443026, 99.70528224892314
1303.1135033702872, 100.08841532532306
1310.3034492975482, 100.11788710043074
1317.4933952248093, 100.3831330763999
1324.6833411520704, 100.76626615279982
1331.2741249187263, 100.70732260258444
1339.0632330065926, 101.62094763092269
1350.4473140580892, 103.26154311191718
1355.24061134293, 103.18295171163001
1357.6372599853503, 103.85097861407087
1364.2280437520062, 104.33235094082974
1369.6205031974519, 104.71548401722964
1386.3970436943946, 107.85914002871608
1392.3886653004452, 108.0359706793622
1404.3719085125472, 109.31308093402856
1414.5576652428335, 108.48787123101337
1419.9501246882794, 108.48787123101337
1428.9375570973557, 107.51530265245975
1439.7224759882472, 106.80798004987531
1454.1023678427694, 105.06914531852188
1476.2713677851577, 102.6131640595481
1482.8621515518137, 102.44615733393788
1493.6470704427052, 102.44615733393788
1500.8370163699662, 102.32827023350714
1508.0269622972273, 102.06302425753796
1515.8160703850936, 101.78795435653291
1521.8076919911443, 101.84689790674827
1527.7993135971951, 102.23985490818409
1544.5758540941376, 102.57386835940451
1550.5674757001884, 102.55422050933272
1558.3565837880546, 102.77034686012242
1563.7490432335005, 102.94717751076853
1569.1415026789462, 103.62502833824529
1583.5213945334683, 105.0102017683065
1588.9138539789142, 104.95125821809113
1598.5004485485956, 105.99259427189601
1605.0912323152515, 106.74903649965994
1612.2811782425126, 107.25005667649059
1619.4711241697737, 108.39945590569032
1626.0619079364296, 108.17350562986472
1633.8510160242959, 109.22466560870551
1641.0409619515567, 109.90251643618227
1648.2309078788178, 110.25617773747449
1655.4208538060789, 110.07934708682838
1680.5856645514925, 107.6331897528905
1687.7756104787536, 107.6331897528905
1693.1680699241995, 107.30900022670596
1709.944610421142, 105.18703241895261
1714.7379077059827, 105.54069372024483
1720.1303671514283, 104.24393561550669
1727.3203130786894, 103.13874404896848
1734.5102590059505, 103.30083881206076
1741.7002049332116, 103.03559283609158
1748.8901508604727, 103.06506461119926
1756.0800967877337, 102.74087508501474
1761.4725562331794, 102.47562910904557
1770.459988642256, 101.35570165495352
1775.8524480877015, 101.11992745409204
1784.8398804967778, 101.32622987984584
1799.2197723513, 101.3851734300612
1813.5996642058221, 102.26932668329177
1835.7686641482105, 103.87062646414267
1841.7602857542613, 104.04745711478878
1842.3594479148665, 104.89231466787575
1847.751907360312, 104.53865336658353
1853.144366805758, 104.21446384039899
1858.5368262512038, 104.24393561550669
1891.0891089108911, 100.25974025974025
1899.8790153329549, 97.02335071412378
1920.849690954133, 94.22353207889367
1932.2337720056296, 92.18997959646339
1939.4237179328907, 92.04262072092496
1944.8161773783363, 91.9542053956019
1949.6094746631773, 90.66727121589963
1953.8036097874126, 90.49044056525354
1959.1960692328585, 90.27431421446383
1971.7784746055654, 89.59646338698707
1978.3692583722213, 89.5473437618076
1986.1583664600876, 90.27431421446383
1989.753339423718, 89.41963273634096
1995.1457988691639, 89.39016096123328
2004.1332312782401, 90.83427794150987
2011.3231772055012, 90.9521650419406
2018.5131231327623, 91.12899569258671
2025.7030690600232, 91.18793924280209
2029.2980420236538, 92.21945137157107
2036.4879879509149, 92.92677397415551
2044.2770960387809, 93.28043527544774
2055.0620149296724, 94.5378976800423
2061.6527986963283, 94.63613693040126
2067.0452581417744, 94.51824982997053
2077.830177032666, 92.21945137157107
2086.817609441742, 91.51802312400815
2094.007555369003, 89.77329403763318
2101.1975012962644, 89.77329403763318
2119.172366114417, 87.68079800498754
2124.5648255598626, 87.32713670369532
2137.14723093257, 87.32713670369532
2148.5313119840657, 86.26615279981863
2153.324609268907, 86.17773747449559
2158.7170687143525, 85.3525277714804
2165.9070146416134, 86.00090682384948
2201.8567442779195, 88.91861255951031
2209.0466902051803, 88.85966900929495
2220.430771256677, 90.68691906597144
2225.224068541517, 90.86374971661755
2230.616527986964, 92.25874707171465
2237.8064739142246, 92.57311267286329
2248.591392805116, 94.22353207889367
2255.7813387323768, 94.19406030378599
2263.570446820243, 94.04670142824756
2269.562068426294, 94.20388422882189
2275.553690032345, 94.63613693040126
2280.9461494777906, 92.54364089775561
2286.3386089232363, 92.45522557243255
2298.9210142959437, 91.27635456812514
2304.3134737413893, 91.39424166855588
2316.895879114096, 90.15642711403311
2331.2757709686184, 90.21537066424847
2336.668230414064, 90.03854001360236
2345.65566282314, 91.12899569258671
2352.845608750401, 90.71639084107912
2357.0397438746368, 89.82241366281266
2363.630527641293, 90.30378598957152
2370.820473568554, 90.65744729086376
2374.4154465321844, 91.21741101790977
2378.010419495815, 92.18997959646339
2379.80790597763, 91.27635456812514
2385.799527583681, 92.3569863220736
2391.791149189732, 92.51416912264793
2397.782770795783, 92.86783042394015
2406.770203204859, 93.9877578780322
2412.162662650305, 94.10564497846293
2417.5551220957504, 94.7834958059397
2431.935013950273, 93.89934255270913
2439.124959877534, 94.01722965313988
2446.3149058047948, 93.84039900249377
2453.5048517320556, 92.21945137157107
2467.884743586578, 92.80888687372477
2467.884743586578, 92.21945137157107
2475.074689513839, 92.86783042394015
2485.8596084047304, 92.21945137157107
2489.4545813683617, 92.86783042394015
2496.6445272956225, 93.16254817501701
2503.8344732228834, 92.7499433235094
2507.429446186514, 92.33733847200182
2514.6193921137747, 92.38154613466334
2520.011851559221, 92.21945137157107
2525.404311004667, 93.13307639990931
2532.5942569319277, 93.39832237587848
2540.383365019794, 93.86987077760145
2546.9741487864494, 94.22353207889367
2546.9741487864494, 93.5653291014887
2554.164094713711, 95.46134663341645
2561.354040640972, 95.81500793470867
2561.354040640972, 95.16662888233961
2568.543986568233, 95.50555429607799
2580.19801980198, 97.53246753246754
2600.8987432409076, 95.49081840852415
2605.0928783651434, 94.87191113126275
2611.683662131799, 94.754024030832
2629.658526949952, 93.25096350034005
2633.2534999135823, 92.83835864883247
2641.0426080014486, 92.31769062193001
2647.633391768105, 92.3668102471095
2655.4224998559703, 92.61240837300687
2662.0132836226267, 92.10156427114033
2669.2032295498875, 92.24892314667875
2676.3931754771484, 92.18997959646339
2683.58312140441, 92.30786669689412
2690.773067331671, 92.13103604624801
2696.1655267771166, 92.16050782135571
2698.562175419537, 92.78923902365298
2703.3554727043775, 93.04466107458626
2708.747932149823, 94.22353207889367
2714.1403915952696, 94.28247562910904
2723.72698616495, 95.3631073830575
2728.5202834497913, 95.40240308320108
2737.5077158588674, 96.58127408750849
2742.900175304314, 96.75810473815461
2748.2926347497596, 98.08433461800045
2774.056607655778, 96.26690848635985
2778.849904940619, 96.13919746089321
2783.6432022254594, 95.3631073830575
2791.4323103133256, 94.54772160507821
2798.6222562405865, 93.13307639990931
2802.217229204217, 92.30786669689412
2809.4071751314787, 92.51416912264793
2816.5971210587395, 92.24892314667875
2823.7870669860004, 91.86579007027885
2827.382039949631, 91.42371344366356
2832.7744993950764, 91.82649437013526
2834.5719858768916, 91.01110859215598
2848.9518777314142, 90.89322149172523
2856.141823658675, 91.18793924280209
2863.331769585936, 91.07005214237134
2869.9225533525923, 90.65941207587093
2879.5091479222738, 91.27635456812514
2884.9016073677194, 92.18997959646339
2892.0915532949803, 92.04262072092496
2897.484012740426, 92.21945137157107
2899.281499222241, 93.39832237587848
2904.6739586676877, 93.72251190206302
2944.2186612676232, 99.94105644978463
2953.2060936766993, 99.46950804806166
2956.8010666403297, 100.05894355021536
2963.9910125675906, 98.7916572205849
2971.1809584948523, 97.14123781455451
2976.573417940298, 97.28859669009294
2985.560850349374, 94.6803445930628
2990.9533097948197, 94.69508048061664
2999.9407422038967, 92.18997959646339
3003.535715167527, 92.89730219904783
3007.1306881311575, 92.21945137157107
3010.725661094788, 92.80888687372477
3014.3206340584184, 92.3668102471095
3021.510579985679, 92.18997959646339
3028.70052591294, 92.16050782135571
3035.890471840202, 92.42575379732486
3040.0846069644367, 91.70860726970453
3046.675390731093, 91.80684652006347
3053.865336658354, 92.60258444797098
3061.055282585615, 92.63205622307866
3066.4477420310614, 92.45522557243255
3071.840201476507, 93.57515302652459
3089.815066294659, 95.60870550895488
3095.2075257401057, 95.63817728406256
3100.5999851855513, 96.9938789390161
3107.789931112812, 98.23169349353887
3118.5748500037034, 100.4126048515076
3123.967309449149, 100.70732260258444
3143.7396607491173, 97.61278621627748
3150.3304445157737, 97.15106173959042
3186.8793363126833, 92.18997959646339
3194.069282239945, 92.18997959646339
3201.259228167206, 91.45318521877125
3208.449174094467, 91.07005214237134
3215.6391200217276, 90.71639084107912
3222.8290659489894, 92.18997959646339
3230.6181740368547, 91.39424166855588
3237.208957803511, 91.63001586941736
3244.398903730772, 91.85596614524295
3251.588849658033, 92.18997959646339
3258.7787955852946, 92.62026751303559
3271.361200958001, 94.22353207889367
3282.1461198488923, 95.75606438449331
3287.538579294339, 97.17070958966221
3298.32349818523, 98.40852414418498
3303.715957630676, 98.29063704375424
3309.1084170761214, 100.23577420086147
3316.2983630033823, 100.35366130129222
3330.0790926972995, 98.89972039597974
3332.47574133972, 98.46746769440036
3359.438038566949, 95.16662888233961
3367.2271466548154, 93.93667346784554
3372.0204439396557, 93.7519836771707
3381.0078763487318, 92.5338169727197
3388.1978222759935, 93.25096350034005
3398.982741166885, 92.3668102471095
3406.771849254751, 92.41592987228897
3411.5651465395913, 92.80888687372477
3424.1475519122987, 92.66152799818636
3435.5316329637953, 93.81092722738607
3440.3249302486356, 93.81092722738607
3447.5148761758974, 95.52029018363183
3469.08471395768, 98.93901609612332
3481.6671193303873, 101.17887100430741
3488.857065257648, 102.56404443436861
3510.4269030394316, 98.46746769440036
3535.5917137848446, 94.19406030378599
3543.380821872711, 94.14494067860652
3548.174119157552, 94.22353207889367
3553.5665786029977, 92.7794150986171
3560.157362369654, 91.94438147056601
3564.351497493889, 91.42371344366356
3567.9464704575194, 92.13103604624801
3575.136416384781, 92.16050782135571
3582.326362312042, 92.21945137157107
3587.7188217574876, 92.49452127257612
3590.115470399908, 93.04466107458626
3603.8962000938245, 93.13307639990931
3609.288659539271, 93.28043527544774
3618.276091948347, 94.51824982997053
3623.6685513937928, 94.754024030832
3630.8584973210536, 94.9897982316935
3639.8459297301306, 96.9938789390161
3647.0358756573914, 98.7916572205849
3652.428335102837, 98.9979596463387
3665.0107404755436, 100.32418952618454
3672.2006864028053, 100.53049195193833
3677.593145848251, 100.5894355021537
3682.9856052936966, 99.26320562230786
3690.774713381563, 97.21982921484168
3697.3654971482183, 97.08229426433914
3704.55544307548, 95.19610065744729
3711.745389002741, 93.9582861029245
3717.1378484481866, 93.86987077760145
3729.720253820893, 92.27839492178644
3736.910199748155, 92.3668102471095
3744.1001456754157, 92.07209249603264
3751.2900916026765, 92.16050782135571
3758.4800375299374, 92.18997959646339
3765.669983457198, 92.18997959646339
3772.2607672238546, 92.02297287085317
3780.049875311721, 91.80684652006347
3785.4423347571665, 92.16050782135571
3799.822226611689, 92.21945137157107
3803.4171995753195, 93.39832237587848
3805.81384821774, 93.86987077760145
3810.6071455025804, 94.22353207889367
3837.5694427298095, 97.31806846520064
3842.961902175255, 97.46542734073905
3862.7342534752233, 98.3790523690773
3874.11833452672, 97.5833144411698
3878.9116318115603, 97.5833144411698
3905.8739290387894, 94.48877805486285
3913.06387496605, 94.01722965313988
3920.253820893311, 92.98571752437088
3926.8446046599674, 93.10360462480163
3927.443766820573, 92.39628202221718
3934.6337127478337, 92.83835864883247
3941.8236586750945, 92.60258444797098
3948.41444244175, 92.41592987228897
3954.406064047801, 92.7499433235094
3963.9926586174834, 92.00332502078138
3970.583442384139, 92.30786669689412
3977.7733883113997, 92.39628202221718
3984.9633342386605, 92.80888687372477
3992.1532801659223, 93.22149172523237
4020.9130638749657, 97.40648379052368
4042.482901656749, 99.44003627295398
4049.67284758401, 99.35162094763092
4055.0653070294566, 99.29267739741555
4064.0527394385326, 97.39665986548779
4085.622577220315, 94.81296758104737
4092.812523147577, 94.69508048061664
4100.002469074838, 93.9877578780322
4105.394928520283, 93.81092722738607
4114.3823609293595, 92.21945137157107
4121.572306856621, 92.3668102471095
4128.762252783882, 92.16050782135571
4135.952198711143, 92.7499433235094
4143.142144638404, 92.86783042394015
4143.142144638404, 92.21945137157107
4150.332090565665, 92.21945137157107
4155.724550011111, 92.21945137157107
4157.522036492926, 93.01518929947858
4164.711982420187, 93.6488324642938
4171.302766186843, 94.16458852867831
4179.091874274709, 94.84243935615507
4186.28182020197, 96.59600997506234
4215.841584158416, 101.68831168831169
4222.231549838275, 101.14939922919973
4229.421495765537, 100.7957379279075
4243.801387620058, 98.88007254590795
4243.801387620058, 98.29063704375424
4250.991333547319, 97.40648379052368
4261.7762524382115, 94.87191113126275
4268.966198365472, 94.754024030832
4276.156144292733, 94.42983450464747
4281.548603738179, 94.34141917932442
4286.941063183625, 93.39832237587848
4294.131009110886, 93.54568125141691
4301.320955038147, 92.83835864883247
4306.713414483593, 93.28043527544774
4317.498333374484, 93.51620947630923
