129.9450573072061, 66.5093113725307
152.47929976010928, 67.04430265314335
181.02267353378664, 67.48375977650372
203.18134527914145, 67.9279936077267
225.71558773204464, 68.57284916917943
248.24983018494788, 68.64449978711863
258.8910002321521, 69.17789883177704
289.56260801527037, 66.61439894550819
308.34114339268973, 67.58566287757279
347.77606768527033, 68.79576220276803
366.55460306268964, 68.8212379780353
389.0888455155928, 69.92943420216146
409.7452344307541, 71.17880868089374
421.0123556572057, 72.01207883026063
432.27947688365725, 74.30489860431477
441.6687445723669, 75.06917186233281
458.5694264120443, 79.16121826463777
466.0808405630121, 80.77733775815508
476.2886597938143, 85.41958041958041
490.4929365536573, 91.5010469097208
496.12649716688304, 89.87696623643245
505.15463917525767, 85.2097902097902
524.294300233012, 77.64859410814373
533.6835679217216, 75.92897927760312
566.8589804218292, 70.22877456155186
584.3856134407539, 69.0505199554407
610.675562969141, 66.49020454108026
638.8433660352699, 64.59225928366877
657.6219014126892, 63.58118945274907
683.5362802335279, 63.08918854289996
697.0568257052698, 62.24371125121749
727.1024823091408, 61.515263302169046
751.5145782997859, 61.80584636381133
774.0488207526892, 61.71827338633009
796.5830632055923, 61.74215692564315
819.1173056584955, 62.29943950961464
839.7736945736567, 62.36312894778281
860.0545127812696, 63.41400467755763
881.0864724039793, 63.99915139072769
907.3764219323664, 65.99342692336853
916.765689621076, 66.94876849589109
926.1549573097857, 68.60469388826351
939.2999320739791, 70.19692984246777
962.8865979381444, 75.76923076923076
971.1340206185569, 80.80419580419579
979.3814432989691, 87.93706293706293
995.8762886597938, 80.59440559440559
1004.123711340206, 75.13986013986013
1029.436901885592, 67.95187714703977
1044.4597301875274, 66.37556355237754
1054.787924645108, 64.34546271076712
1066.0550458715597, 63.358276419160475
1078.2610938668822, 62.69749849816571
1096.6640585367531, 60.68172778014311
1118.2325477416748, 59.21050175845838
1138.3524070746241, 57.63418816379616
1164.6423566030112, 56.6788465912736
1199.7850442378958, 55.307249047866215
1218.1611824286563, 55.05476591798526
1231.6191327824733, 54.72039636760236
1242.8862540089249, 54.78408580577053
1277.3135688675272, 54.78408580577053
1299.8478113204303, 54.7363187271444
1322.3820537733336, 54.863697603480745
1328.0156143865593, 56.24894288363845
1345.2918669337853, 55.15985349096274
1365.572685141398, 55.29360131111589
1382.4733669810753, 56.82214782715199
1403.1297558962367, 57.39535277066552
1420.0304377359141, 58.8442874889914
1433.1754125001075, 59.688172544719656
1438.8089731133334, 60.97788366762511
1465.0989226417205, 66.2800293951253
1494.8453608247423, 77.44755244755243
1511.3402061855672, 70.73426573426572
1523.7113402061857, 65.06993006993005
1549.6023318401074, 59.337880634794715
1557.1137459910751, 58.63729681494484
1587.1594025949462, 54.6248622103501
1607.8157915101074, 53.14408277294014
1622.838619812043, 52.332042436295964
1647.2507158026879, 50.78438908880942
1669.7849582555912, 49.442134179415234
1685.7467133263976, 48.74951153933638
1709.2198825481717, 48.03300535994446
1727.998417925591, 47.65086873093544
1758.044074529462, 47.22096502330029
1780.8465817734711, 47.24143662842577
1802.3077650619505, 46.7091748951632
1825.271231180623, 47.173197944674165
1879.5680249004758, 47.78734609843866
1900.760943397849, 48.856987466245165
1915.7837716997844, 48.55844322483187
1925.173039388494, 50.26213569583043
1945.8294283036553, 51.66330333553018
1968.3636707565586, 54.43379389584559
1977.752938445268, 56.153408726386196
1997.9381443298969, 60.87412587412586
2014.4329896907218, 69.47552447552447
2028.4549839643003, 63.175169284426985
2051.5463917525776, 56.04895104895103
2075.401322407849, 51.09009839201664
2092.3020042475264, 48.868929235901696
2122.3476608513965, 45.859603282455645
2133.6147820778488, 45.0953300244376
2152.3933174552676, 44.004648395807685
2174.927559908171, 42.71493727290223
2194.645022054461, 41.9188192958001
2216.2403377384935, 41.186390756866146
2238.774580191397, 40.10367030800724
2262.4355347669452, 39.339397049989195
2283.843065097203, 38.87764862326996
2306.3773075501067, 38.97318278052221
2328.9115500030093, 39.46677592632554
2351.445792455913, 39.21201817365285
2379.6135955220416, 39.70242684754776
2399.143272314558, 40.37116594831355
2417.17066627688, 40.80425412785712
2437.2011040127945, 42.12050251666598
2454.727737031719, 43.09707390191126
2467.8727117959124, 44.40270738435875
2469.750565333655, 44.97591232787228
2486.651247173332, 47.536227742232725
2509.185489626235, 52.427576593548224
2531.7197320791383, 60.26137748823319
2546.3917525773195, 55.419580419580406
2571.134020618557, 48.076923076923066
2606.8338735888155, 41.0590118805298
2625.6124089662353, 38.80201741544526
2636.8795301926866, 37.28541266906569
2659.41377264559, 36.951043118682804
2683.825868636235, 34.69643700752957
2715.7493787778476, 33.623269974395896
2728.8943535420412, 32.93860851408806
2742.039328306235, 31.744431548434875
2763.9476195798907, 32.33355885149044
2779.5963990610735, 31.1553042453793
2802.130641513977, 31.250838402631558
2824.6648839668796, 31.091614807211116
2845.321272882041, 31.696664469808738
2869.7333688726867, 30.884624133164564
2892.2676113255893, 31.489673795762187
2914.801853778493, 31.82404334614509
2941.09180330688, 33.718804131648156
2963.6260457597828, 34.419387951498024
2988.0381417504277, 37.587937500364504
2997.4274094391376, 38.67065794922341
3004.938823590105, 40.86794356602529
3024.7422680412374, 46.398601398601386
3040.6180408072023, 51.535924459193836
3050.007308495912, 48.606210303458
3070.1030927835054, 43.04195804195803
3089.442232788492, 38.51143435380298
3107.281841397041, 36.16288632135169
3119.4878893923633, 35.32696244539446
3134.5107176942993, 33.56913395195295
3151.4113995339767, 32.317636491948406
3173.9456419868793, 31.601130312556492
3200.2355915152666, 31.282683121715635
3222.76983396817, 30.582099301865767
3239.6705158078466, 30.32734154919308
3264.0826117984925, 30.454720425529416
3290.372561326879, 30.343263908735125
3327.5540613741696, 31.180780020646566
3350.463874534621, 31.855888065229166
3372.9981169875246, 32.46093772782679
3391.7766523649434, 32.93860851408806
3403.0437735913956, 33.89395008661063
3419.944455431073, 34.21239727745147
3432.713859487718, 35.785526400205285
3446.2344049594594, 36.28230401791701
3457.5015261859116, 38.097453005709866
3470.6465009501053, 39.62599952174596
3485.6693292520404, 41.48891558816495
3511.3402061855677, 47.23776223776223
3530.7378141578465, 53.28738400881853
3540.206185567011, 57.72727272727272
3564.948453608248, 49.755244755244746
3581.4398596768788, 45.45358311413356
3602.09624859204, 42.205421767556864
3635.522041563847, 39.07190140968288
3658.8074254318462, 37.73442320815131
3680.966097177201, 36.74405244463625
3699.7446325546207, 36.54502295036072
3726.034582083008, 35.88424502936596
3746.690970998169, 35.919274220358446
3765.469506375588, 35.40338977119626
3812.4158448191365, 36.25045929883292
3836.8279408097815, 36.263197186466556
3857.4843297249427, 37.33317974769183
3881.145284300491, 38.26941448876393
3902.5528146307497, 38.7025026683075
3938.232031847846, 40.93959418396448
3958.888420763007, 42.56367485725283
3972.033395527201, 44.08426019351789
3983.300516753652, 45.74018558589032
3992.689784442362, 47.57921811299625
4002.079052131072, 48.892812775214765
4018.5567010309287, 54.37062937062936
4049.0253905746204, 58.7328309721971
4071.559633027524, 51.61553625690405
4112.496840150298, 45.18608747382725
4126.01738562204, 44.88037817062003
4131.650946235265, 43.30406457595781
4157.940895763652, 41.44114850953882
4171.085870527846, 41.25008019503431
4187.9865523675235, 39.76930075762435
4212.398648358168, 38.42226914036755
4231.177183735588, 37.76308345532698
4257.467133263975, 37.09434435456119
4276.245668641394, 36.46275742606015
4300.657764632039, 36.393760534711305
4315.680592933975, 36.13900278203863
