300.52744119743437, 93.23697400629443
307.7120456165363, 93.23697400629443
314.89665003563823, 94.43641450052453
336.45046329294394, 97.3738197925166
350.81967213114785, 101.63305746590511
376.5645046329297, 106.33290593309243
382.5516749821813, 106.46345727940319
393.9272986457594, 105.32929245832847
401.1119030648613, 103.40773982981699
412.4875267284393, 101.37195477328359
417.2772630078406, 101.31483855927264
424.46186742694255, 99.87061429070987
444.2195295794728, 98.34071570113066
447.81183178902376, 98.01025760578156
452.0028510334999, 98.48894587558767
456.79258731290116, 98.10817111551462
465.1746258018534, 98.79356568364611
465.77334283677857, 99.4789602517776
472.9579472558805, 98.86700081594591
480.1425516749824, 99.699265648677
487.9258731290095, 100.45809534910828
492.7156094084108, 100.80079263317403
492.7156094084108, 100.066441310176
502.2950819672134, 102.05734934141508
507.08481824661465, 102.3184520340366
516.065573770492, 104.88868166452966
521.4540270848184, 104.96211679682946
535.737704918033, 107.7479892761394
544.8039914468998, 105.08450868399581
550.1924447612262, 105.011073551696
559.7719173200287, 101.74728989392702
573.5424091233074, 99.01387108054551
580.7270135424094, 97.64308194428254
595.0962223806132, 95.8072036367875
600.4846756949396, 95.8072036367875
602.2808267997151, 94.87702529432335
609.465431218817, 93.87341181955938
613.057733428368, 93.23697400629443
620.841054882395, 93.29735400396316
627.4269422665718, 93.13906049656137
631.617961511048, 92.7555659167735
638.2038488952247, 93.2614523837277
638.2038488952247, 92.22112134281384
638.2038488952247, 91.7682713602984
645.3884533143266, 92.23336053153048
652.5730577334285, 92.28231728639702
652.5730577334285, 91.51124839724909
657.961511047755, 92.1354470217974
657.961511047755, 91.49900920853246
666.9422665716324, 91.08287679216691
673.5281539558092, 91.38477678051055
679.5153243050607, 91.74379298286513
681.9101924447614, 92.11912810350856
688.4960798289382, 91.89066324746474
695.68068424804, 92.28231728639702
702.8652886671421, 92.33127404126355
710.049893086244, 93.34304697517193
717.2344975053459, 93.43280102576057
724.4191019244478, 94.77911178459027
731.6037063435497, 94.90150367175661
745.9729151817536, 96.39468469518592
760.3421240199574, 98.23056300268097
767.5267284390593, 98.69565217391303
767.5267284390593, 98.10817111551462
767.5267284390593, 97.59412518941602
789.0805416963651, 104.76628977736333
803.4497505345689, 103.98298169949877
810.6343549536708, 103.39550064110036
825.0035637918747, 100.87422776547383
832.1881682109766, 100.04196293274273
839.9714896650037, 98.48350623615806
846.5573770491804, 98.6099778528966
853.7419814682823, 97.91234409604849
853.7419814682823, 97.42277654738314
860.9265858873842, 97.4472549248164
868.1111903064863, 97.59412518941602
875.2957947255882, 97.226949527917
882.4803991446901, 97.61860356684929
886.0727013542411, 96.66394684695186
891.4611546685675, 96.68842522438513
898.6457590876694, 97.61860356684929
923.7918745545261, 99.332089987178
926.1867426942267, 99.78901969926565
930.976478973628, 99.28313323231146
952.7868852459018, 103.1367292225201
969.2943692088382, 107.40995454015619
979.472558802566, 106.72455997202471
984.2622950819673, 103.67292225201072
996.8353528153957, 101.38827369157244
1019.6721311475411, 98.31099195710455
1033.3570919458305, 95.68481174962116
1040.5416963649322, 94.80359016202354
1048.3250178189596, 94.71383611143489
1054.9109052031363, 94.387457745658
1058.503207412687, 93.53071453549364
1065.0890947968637, 93.31040913859424
1069.8788310762652, 93.06562536426156
1076.4647184604419, 93.75101993239305
1083.649322879544, 93.45727940319384
1091.432644333571, 92.85347942650658
1098.0185317177477, 93.23697400629443
1102.209550962224, 93.95337451917473
1105.8018531717748, 93.34304697517193
1106.999287241625, 94.14267397132532
1112.3877405559515, 93.28593076116097
1119.5723449750535, 93.21249562886118
1141.1261582323593, 95.7337685044877
1148.3107626514611, 95.61137661732135
1155.4953670705631, 96.65170765823522
1162.0812544547398, 97.29222520107238
1168.0684248039915, 97.61860356684929
1184.2337847469707, 100.99661965264016
1191.4183891660728, 101.55962233360532
1198.6029935851745, 102.5754749970859
1205.7875980042766, 102.8692155262851
1212.9722024233786, 103.24863037650076
1223.7491090520314, 102.29397365660333
1229.1375623663578, 102.26949527917006
1242.3093371347113, 99.67478727124373
1248.8952245188882, 99.699265648677
1256.07982893799, 98.98939270311224
1263.264433357092, 99.13626296771184
1274.6400570206702, 97.30854411936123
1280.6272273699215, 97.24326844620585
1286.6143977191732, 97.27590628278354
1299.1874554526016, 97.74099545401562
1306.3720598717034, 97.43501573609977
1313.5566642908054, 97.12903601818394
1320.7412687099072, 97.28814547150017
1327.9258731290092, 97.0800792633174
1351.2758374910904, 99.96852780044294
1358.4604419101925, 100.45809534910828
1385.4027084818247, 102.88145471500175
1396.1796151104775, 104.37463573843105
1403.9629365645046, 105.07634922485138
1406.9565217391305, 105.74542487469401
1410.5488239486813, 104.98659517426273
1415.937277263008, 104.96211679682946
1425.5167498218104, 104.064576290943
1430.3064861012117, 103.94381629560554
1442.8795438346401, 101.53514395617205
1457.248752672844, 100.61720480242452
1462.6372059871703, 100.65392236857443
1468.624376336422, 99.10362513113415
1475.2102637205987, 99.08730621284532
1475.2102637205987, 98.54878190931343
1481.7961511047754, 98.54878190931343
1485.3884533143264, 97.17799277305048
1486.5858873841767, 97.95150949994172
1491.375623663578, 97.12903601818394
1498.56022808268, 97.3738197925166
1514.7255880256591, 96.51707658235225
1521.9101924447612, 96.00303065625364
1543.464005702067, 96.29677118545285
1543.464005702067, 95.7337685044877
1550.6486101211688, 95.66033337218789
1556.0370634354954, 95.61137661732135
1575.7947255880256, 96.56603333721878
1586.5716322166784, 97.59412518941602
1597.9472558802565, 98.18976570695885
1602.7369921596578, 98.27951975754749
1608.7241625089096, 99.66499592027043
1620.6985032074126, 100.16435481990908
1623.0933713471134, 100.60496561370789
1629.67925873129, 101.31483855927264
1637.4625801853172, 102.1389439328593
1644.0484675694938, 102.83249796013521
1651.2330719885958, 102.88145471500175
1658.4176764076976, 102.83657768970743
1684.5901639344263, 100.88471849865951
1694.9394155381326, 98.41823056300268
1701.5253029223093, 98.3529548898473
1706.9137562366357, 98.3529548898473
1715.894511760513, 97.54516843454948
1723.079116179615, 96.81081711155146
1730.2637205987169, 96.98216575358433
1730.2637205987169, 96.16214010956988
1736.8496079828935, 95.93775498309826
1737.448325017819, 96.68842522438513
1744.6329294369207, 97.38605898123325
1751.8175338560227, 96.61499009208532
1759.0021382751245, 96.27229280801959
1765.5880256593014, 95.74192796363212
1773.3713471133285, 96.59051171465205
1787.7405559515323, 96.99440494230096
1793.1290092658587, 97.39013871080545
1794.925160370634, 98.47534677701364
1803.9059158945115, 99.03834945797878
1809.2943692088381, 99.58503322065508
1814.6828225231645, 99.72374402611027
1823.663578047042, 101.6983331390605
1830.8481824661437, 103.19967362163422
1838.0327868852457, 103.64028441543303
1849.408410548824, 104.84788436880756
1855.3955808980752, 105.01923301084042
1866.7712045616533, 103.02832497960135
1897.3057733428366, 98.98939270311224
1904.4903777619386, 97.71651707658235
1917.0634354953668, 96.859773866418
1924.2480399144688, 96.12542254341997
1938.6172487526726, 95.8806387690873
1945.2031361368495, 95.41554959785523
1949.3941553813256, 95.29315771068889
1963.7633642195294, 95.07285231378948
1970.9479686386312, 95.14628744608929
1988.909479686386, 95.85616039165404
2018.2466143977188, 99.57687376151065
2024.8325017818956, 99.76046159226017
2039.2017106200994, 102.26949527917006
2054.1696364932286, 103.59132766056649
2064.9465431218814, 103.19967362163422
2069.7362794012824, 103.07728173446789
2085.901639344262, 101.0455764075067
2091.2900926585885, 100.99661965264016
2111.0477548111185, 98.09593192679799
2118.232359230221, 97.82259004545983
2121.8246614397717, 96.61499009208532
2129.0092658588737, 96.35796712903601
2134.3977191732, 96.29677118545285
2140.3848895224514, 95.6276955356102
2146.970776906628, 96.34572794031938
2154.1553813257306, 96.48035901620236
2160.7412687099068, 96.42732253176361
2168.5245901639346, 96.56603333721878
2173.913043478261, 96.59051171465205
2182.8937990021377, 96.79857792283482
2190.07840342124, 97.42277654738314
2197.2630078403417, 97.86338734118195
2204.447612259444, 98.40191164471383
2218.8168210976473, 99.99300617787621
2226.6001425516743, 101.37195477328359
2232.587312900926, 101.77992773050471
2247.5552387740554, 103.76267630259937
2255.3385602280823, 103.9177060263434
2261.9244476122594, 104.49702762559738
2269.109052031361, 102.71010607296887
2274.4975053456874, 102.71010607296887
2278.0898075552386, 101.92679799510432
2294.255167498218, 100.60496561370789
2299.643620812544, 100.65392236857443
2305.0320741268706, 99.08730621284532
2312.216678545972, 98.74460892877957
2319.4012829650746, 98.59773866417997
2323.5923022095503, 98.12449003380347
2329.579472558802, 98.18323813964331
2337.362794012829, 98.30399813498076
2340.9550962223802, 97.39829816994987
2342.7512473271554, 98.15712787038116
2346.3435495367066, 97.52069005711621
2353.528153955809, 98.10817111551462
2369.6935138987883, 99.11178459027859
2380.470420527441, 99.10362513113417
2385.8588738417675, 99.13626296771184
2398.4319315751954, 101.21692504953957
2405.616535994298, 101.46170882387224
2412.8011404133995, 101.51066557873878
2418.189593727726, 101.92679799510432
2427.1703492516035, 101.85336286280452
2434.354953670705, 101.77992773050471
2441.5395580898075, 101.58410071103859
2463.093371347113, 100.28674670707541
2472.0741268709908, 99.72374402611027
2477.462580185317, 99.08730621284532
2484.6471846044187, 99.52791700664413
2491.8317890235203, 99.43000349691106
2499.0163934426228, 99.28313323231146
2499.0163934426228, 98.69565217391303
2506.2009978617243, 99.18521972257838
2513.385602280827, 99.06282783541205
2520.5702066999283, 99.08241053735867
2527.75481111903, 99.57687376151065
2534.9394155381324, 100.02972374402611
2542.124019957234, 99.82165753584334
2557.0919458303633, 101.61673854761627
2563.6778332145395, 101.92679799510432
2570.862437633642, 101.97575474997086
2585.231646471846, 102.66114931810233
2585.231646471846, 102.07366825970392
2592.4162508909476, 101.60857908847184
2600.1995723449745, 101.07821424408439
2621.75338560228, 99.00571162140109
2627.740555951532, 98.84252243851265
2630.1354240912324, 98.49982515444691
2639.11617961511, 97.86338734118195
2646.3007840342116, 97.54516843454948
2657.0776906628653, 97.17799277305048
2664.262295081967, 97.86338734118195
2669.6507483962932, 98.0592143606481
2675.0392017106196, 97.34934141508334
2682.8225231646466, 97.30854411936123
2687.6122594440476, 97.47173330224967
2694.79686386315, 98.0592143606481
2711.5609408410546, 99.43000349691106
2716.3506771204557, 99.35656836461126
2721.739130434782, 100.6416831798578
2736.108339272986, 102.26949527917006
2750.47754811119, 103.01853362862803
2757.6621525302917, 102.41636554376967
2757.6621525302917, 101.90231961767105
2764.248039914469, 102.05734934141508
2772.0313613684957, 101.43723044643897
2781.0121168923733, 100.36018183937522
2815.138987883107, 96.56603333721878
2829.508196721311, 95.63585499475462
2836.6928011404125, 95.5134631075883
2843.877405559515, 95.21972257838908
2850.463292943692, 94.15899288961417
2851.660727013542, 94.8607063760345
2856.450463292943, 95.17076582352254
2858.8453314326434, 95.64401445389905
2865.4312188168205, 95.8806387690873
2873.2145402708475, 95.00431285697633
2879.8004276550246, 95.5134631075883
2885.188880969351, 95.5134631075883
2897.761938702779, 97.20247115048373
2904.9465431218814, 97.3738197925166
2913.927298645759, 99.18521972257838
2930.6913756236627, 103.08544119361231
2937.27726300784, 103.5178925282667
2942.665716322166, 103.64028441543303
2951.646471846044, 104.20328709639818
2964.219529579472, 102.61219256323581
2973.2002851033494, 100.01748455530947
2987.5694939415534, 97.59412518941602
2994.754098360655, 97.56964681198275
3012.7156094084103, 94.55880638769086
3019.900213827512, 94.58328476512413
3026.486101211689, 94.66487935656836
3034.269422665716, 95.02389555892294
3039.6578759800423, 95.12180906865602
3063.007840342124, 96.00303065625364
3073.7847469707767, 96.56603333721878
3080.9693513898783, 96.45588063876909
3093.5424091233062, 99.28313323231146
3109.7077690662863, 102.0247115048374
3124.0769779044895, 103.10176011190114
3124.5901639344256, 103.99463806970509
3130.6628652886666, 102.98752768387924
3145.630791161796, 99.65030889381046
3152.8153955808975, 99.18521972257838
3185.146115466856, 95.10956987993939
3191.732002851033, 94.94230096747873
3200.1140413399853, 93.9142091152815
3203.7063435495356, 94.59960368341298
3203.7063435495356, 93.36915724443408
3209.6935138987883, 94.40377666394684
3210.2922309337127, 93.23697400629443
3217.476835352815, 93.23697400629443
3217.476835352815, 92.55157943816295
3224.661439771917, 93.23697400629443
3231.8460441910183, 93.23697400629443
3239.030648610121, 93.67758480009324
3246.2152530292224, 94.11819559389205
3253.399857448325, 94.37521855694136
3261.1831789023518, 95.35027392469985
3265.972915181753, 95.56241986245483
3274.9536707056304, 96.70066441310175
3289.921596578759, 99.70742510782142
3295.9087669280107, 100.2035202238023
3303.6920883820376, 101.77992773050471
3318.0612972202416, 102.14710339200373
3323.449750534568, 101.87784124023779
3333.029223093371, 100.58864669541904
3337.818959372772, 100.55600885884135
3354.5830363506766, 96.5741927963632
3359.3727726300776, 96.54155495978551
3368.3535281539553, 95.31763608812216
3375.538132573057, 95.39107122042196
3379.130434782608, 94.80359016202354
3382.7227369921593, 93.21249562886118
3386.3150392017096, 94.82806853945681
3391.703492516036, 94.82806853945681
3393.499643620812, 94.2405874810584
3400.6842480399137, 94.28954423592492
3407.868852459016, 94.4608928779578
3415.0534568781177, 94.53432801025761
3422.2380612972192, 94.50984963282434
3427.6265146115456, 94.48537125539107
3440.7982893799, 96.5741927963632
3445.588025659301, 96.78633873411819
3454.5687811831785, 98.27951975754749
3486.899501069137, 103.19967362163422
3492.2879543834633, 103.10176011190114
3512.0456165359938, 99.82655321133
3524.6186742694217, 96.83529548898473
3535.3955808980745, 95.9540739013871
3547.9686386315034, 94.43641450052453
3547.9686386315034, 93.60414966779345
3555.153243050605, 93.38384427089404
3562.3378474697074, 93.57967129036018
3569.522451888809, 93.31040913859424
3576.7070563079105, 93.38384427089404
3583.891660727013, 93.18801725142791
3591.0762651461146, 93.21249562886118
3597.6621525302917, 93.42464156661615
3605.4454739843186, 94.70567665229048
3612.0313613684957, 94.05128802890779
3619.8146828225226, 95.12180906865602
3626.999287241624, 96.46811982748572
3648.55310049893, 99.94404942300967
3655.7377049180323, 100.38466021680848
3663.521026372059, 101.40459260986128
3668.31076265146, 101.53514395617205
3674.297933000712, 100.74095659944825
3679.087669280113, 100.60496561370789
3688.667141838916, 97.94498193262618
3693.456878118317, 97.78995220888216
3699.444048467569, 95.9867117379648
3704.23378474697, 95.90511714652057
3716.8068424803987, 94.33850099079146
3720.399144689949, 93.4450402144772
3722.195295794725, 94.2405874810584
3726.985032074126, 93.32672805688308
3734.768353528153, 93.10234293041147
3741.9529579472555, 93.28593076116097
3753.3285816108328, 91.90698216575359
3759.3157519600845, 91.92330108404242
3770.6913756236627, 91.96409837976454
3777.875980042765, 93.21249562886118
3777.875980042765, 92.52710106072968
3785.0605844618667, 92.50262268329642
3792.2451888809683, 93.13906049656137
3792.2451888809683, 92.47814430586315
3799.4297933000707, 93.40342697284065
3799.4297933000707, 92.58829700431285
3806.6143977191723, 94.99941718148968
3813.2002851033485, 95.20340366010024
3820.9836065573763, 95.68481174962116
3826.3720598717027, 95.56241986245483
3832.3592302209545, 96.52523604149667
3837.1489665003555, 96.54155495978551
3842.537419814682, 97.83890896374868
3847.9258731290083, 98.89147919337918
3856.906628652886, 98.45086839958037
3862.2950819672124, 98.40191164471383
3864.0912330719875, 97.66756032171581
3870.6771204561646, 97.48805222053852
3878.4604419101915, 97.34934141508334
3900.014255167497, 94.77911178459027
3907.1988595865996, 94.80359016202354
3914.383464005701, 93.1145821191281
3918.5744832501778, 92.69029024361814
3925.160370634354, 92.76454132183238
3929.3513898788306, 92.05385243035319
3930.5488239486804, 92.93833780160858
3935.9372772630068, 92.04977270078098
3943.1218816821092, 91.8417064925982
3950.306486101211, 91.547965963399
3958.0898075552386, 90.91152815013405
3962.8795438346397, 90.96048490500058
3968.8667141838914, 91.71115514628744
3974.8538845331423, 91.79274973773167
3980.841054882394, 91.89066324746474
3990.420527441197, 93.08194428255041
3997.006414825373, 93.20270427788786
4001.19743406985, 93.86525236041496
4005.987170349251, 93.79997668725959
4008.3820384889514, 94.27322531763608
4025.7448325017813, 97.34934141508334
4032.929436920883, 97.4472549248164
4043.7063435495356, 98.47534677701364
4054.4832501781884, 97.47173330224967
4059.871703492515, 97.52069005711621
4065.260156806841, 96.61499009208532
4073.043478260869, 94.43097486109491
4077.83321454027, 94.33850099079146
4085.0178189593717, 93.2614523837277
4086.8139700641477, 92.06201188949761
4093.9985744832493, 92.19664296538058
4101.781895937277, 92.62501457046275
4106.571632216677, 93.21249562886118
4106.571632216677, 92.52710106072968
4111.960085531005, 91.22974705676651
4119.144689950106, 91.18079030189999
4126.329294369208, 91.03392003730038
4131.717747683534, 90.91152815013405
4140.698503207412, 91.81722811516494
4147.883107626514, 91.6948362279986
4152.07412687099, 91.23790651591094
4156.863863150391, 91.93962000233127
4165.8446186742685, 93.21249562886118
4173.02922309337, 93.16353887399464
4182.009978617248, 95.12180906865602
4196.379187455452, 96.83529548898473
4199.971489665003, 98.10817111551462
4216.136849607982, 99.30761160974473
4223.321454027084, 99.62583051637719
4237.690662865288, 96.68842522438513
4248.467569493941, 94.85254691689008
4252.059871703492, 94.50984963282434
4262.836778332145, 93.18801725142791
4268.225231646471, 93.04930644597272
4274.212401995723, 92.28231728639702
4280.7982893799, 92.36799160741344
4292.173913043478, 91.5153281268213
4296.963649322879, 91.37661732136613
4301.75338560228, 90.74833896724559
4309.536707056307, 90.56883086606831
4316.7213114754095, 90.76465788553443
