312.3307198859586, 63.341105472500345
312.3307198859586, 63.0386778219723
312.92943692088375, 63.75394321766562
318.9166072701354, 63.0722808942532
319.5153243050605, 63.7731449732547
319.5153243050605, 63.42751337265122
320.1140413399857, 64.19558359621452
323.70634354953665, 64.96365381977782
327.29864575908766, 64.6084213413798
330.89094796863856, 65.00205733095598
336.8781183178902, 64.96365381977782
341.06913756236634, 64.52201344122892
341.06913756236634, 64.20518447400906
346.45759087669273, 65.58771087642299
346.45759087669273, 65.06926347551777
354.839629365645, 66.09655739953368
356.0370634354954, 66.5189960224935
362.6229508196721, 65.97654642710191
366.81397006414824, 66.84542586750788
372.8011404133998, 66.83582498971334
381.1831789023521, 67.06624605678233
384.17676407697786, 66.43018790289398
385.97291518175336, 67.22946097928954
385.97291518175336, 66.88382937868606
396.7498218104062, 66.91263201206968
398.5459729151817, 67.98553010560966
403.9344262295082, 68.06473734741462
420.0997861724875, 68.0215333973392
427.28439059158944, 68.29515841448361
427.28439059158944, 68.00713208064738
441.65359942979325, 67.77671101357839
448.8382038488952, 67.97832944726376
456.0228082679971, 67.9207241804965
456.0228082679971, 67.60389521327664
462.6086956521739, 67.56549170209848
470.39201710620097, 67.74790838019476
470.39201710620097, 67.3014675627486
476.97790449037774, 67.55589082430394
484.7612259444048, 67.32306953778632
490.1496792587313, 67.25826361267316
499.1304347826087, 67.15745439583048
517.0919458303636, 66.78302016184337
521.2829650748397, 66.5670004114662
532.0598717034925, 66.27897407762995
536.8496079828938, 66.24153065423124
542.2380612972202, 66.91263201206968
549.4226657163222, 65.57330955973119
551.2188168210976, 65.06926347551777
556.6072701354241, 66.04855301056097
563.791874554526, 65.38609244273762
563.791874554526, 64.84604306679468
570.976478973628, 65.1124674255932
578.1610833927298, 65.27088190920313
585.3456878118318, 65.12686874228501
592.5302922309337, 65.06926347551777
599.1161796151105, 64.88684679742148
606.8995010691376, 64.82444109175697
614.0841054882394, 64.80283911671924
621.2687099073414, 64.00356604032369
621.8674269422665, 64.36839939651625
626.6571632216678, 64.52201344122892
632.0456165359943, 65.06926347551777
632.6443335709195, 63.92675901796736
636.2366357804704, 64.27239061857085
639.2302209550962, 65.04046084213414
639.2302209550962, 63.859552873405576
641.0263720598717, 64.22822658071595
644.6186742694226, 65.06926347551777
647.3129009265858, 63.82354958167605
653.0007127583749, 63.65793443972021
654.1981468282252, 64.13797832944726
657.7904490377762, 63.156768618845156
658.9878831076265, 64.29159237415993
658.9878831076265, 63.94596077355644
658.9878831076265, 63.60032917295296
663.7776193870278, 62.39061857084077
664.3763364219529, 63.139487038814984
664.3763364219529, 62.793855438211494
671.5609408410548, 63.29070086407901
678.7455452601567, 63.93155945686463
685.9301496792588, 63.80194760663832
693.7134711332858, 63.513921272802094
700.2993585174626, 63.62913180633659
700.2993585174626, 63.168289672198604
714.6685673556664, 63.90275682348101
721.8531717747684, 63.94596077355644
729.0377761938703, 65.05486215882596
736.2223806129722, 65.05486215882596
741.6108339272986, 65.06926347551777
743.4069850320741, 65.79941023179262
749.992872416251, 65.86613633246469
757.776193870278, 66.12055959402002
764.9607982893799, 66.78878068852009
764.9607982893799, 66.4517898779317
764.9607982893799, 66.16376354409546
764.9607982893799, 65.05486215882596
765.559515324305, 67.21025922370046
770.3492516037063, 66.89823069537786
770.3492516037063, 66.16376354409546
772.7441197434069, 67.23906185708408
790.1069137562366, 66.32217802770539
794.2979330007128, 66.09655739953368
799.087669280114, 66.01398985050062
800.8838203848895, 67.57509257989302
800.8838203848895, 67.23234124262791
800.8838203848895, 66.77581950349747
808.0684248039914, 66.89823069537786
814.6543121881682, 67.09504869016597
815.2530292230933, 67.48868467974215
822.4376336421954, 66.72541489507613
829.6222380612973, 67.84871759703745
836.8068424803992, 67.28706624605678
836.8068424803992, 66.97023727883693
843.991446899501, 67.07104649567961
851.7747683535281, 66.9606364010424
854.1696364932288, 67.84071686554199
858.95937277263, 67.5942943354821
864.9465431218817, 67.39267590179674
872.7298645759088, 67.32306953778632
878.1183178902352, 67.48868467974215
887.0990734141126, 66.811822795227
894.2836778332146, 66.88382937868606
899.672131147541, 67.17185571252229
901.4682822523165, 67.71910574681114
901.4682822523165, 67.37347414620766
901.4682822523165, 66.86078727197916
902.0669992872416, 68.13194349197641
908.0541696364933, 65.7509257989302
909.2516037063435, 66.17336442189
915.8374910905203, 66.67068989164724
922.4233784746971, 66.58620216705528
923.0220955096222, 66.99903991222055
930.8054169636493, 66.44218900013716
937.3913043478261, 66.66780962830887
948.168210976479, 66.32217802770539
951.7605131860299, 67.0566451789878
951.7605131860299, 66.71101357838431
954.7540983606558, 66.22136881086271
959.304347826087, 65.73748457001784
966.1297220242338, 65.78212865176245
971.5181753385602, 65.87573721025923
978.7027797576621, 65.55890824303937
980.4989308624376, 65.06926347551777
987.6835352815395, 65.06926347551777
987.6835352815395, 64.44280619942396
994.8681397006414, 65.12686874228501
995.4668567355666, 65.52370502445939
1002.0527441197435, 65.06926347551777
1003.8488952245189, 64.46440817446167
1009.2373485388454, 65.04046084213414
1016.4219529579473, 65.01165820875052
1023.6065573770492, 64.82444109175697
1024.2052744119742, 65.17487313125773
1030.791161796151, 65.14127005897683
1031.3898788310762, 65.48210122068303
1042.1667854597292, 65.64531614319024
1045.1603706343549, 66.13496091071184
1045.1603706343549, 65.08366479220958
1046.9565217391305, 65.79508983678508
1048.7526728439059, 65.45809902619669
1052.344975053457, 65.14127005897683
1055.937277263008, 65.54450692634755
1061.3257305773343, 65.67411877657386
1066.7141838916607, 65.09806610890139
1073.8987883107627, 65.86133589356741
1081.0833927298645, 65.55890824303937
1081.0833927298645, 65.06926347551777
1088.2679971489665, 65.38129200384036
1088.2679971489665, 65.05486215882596
1095.4526015680685, 65.04766150048005
1102.6372059871703, 66.16376354409546
1102.6372059871703, 65.81525168015362
1102.6372059871703, 65.48690165958031
1102.6372059871703, 65.1124674255932
1109.8218104062723, 65.18447400905227
1115.2102637205987, 65.18447400905227
1121.1974340698503, 66.16376354409546
1125.9871703492518, 65.9621451104101
1127.7833214540271, 66.37978329447265
1145.744832501782, 66.4517898779317
1152.3307198859586, 65.9621451104101
1156.5217391304348, 65.81813194349198
1160.1140413399858, 66.06295432725278
1160.712758374911, 66.40378548895899
1167.2986457590878, 66.95583596214512
1173.8845331432644, 67.40227677959128
1175.081967213115, 67.82471540255109
1179.871703492516, 67.94952681388013
1181.6678545972916, 67.11425044575505
1188.8524590163934, 67.1646550541764
1194.24091233072, 67.31586887944042
1203.2216678545974, 67.48868467974215
1210.4062722736992, 67.66870113838979
1217.5908766928012, 67.71910574681114
1224.775481111903, 67.63989850500617
1230.1639344262296, 67.80551364696201
1239.144689950107, 68.29515841448361
1246.3292943692088, 68.30955973117543
1251.7177476835352, 68.35276368125086
1253.5138987883108, 69.0699492525031
1260.6985032074126, 68.42477026470992
1267.8831076265146, 68.53998079824441
1272.3734853884534, 67.62837745165272
1276.863863150392, 67.44548072966671
1278.6600142551674, 67.7911123302702
1282.2523164647184, 68.33836236455905
1293.6279401282966, 67.60389521327664
1296.6215253029222, 67.27266492936498
1300.8125445473986, 67.69030311342752
1307.3984319315753, 67.71910574681114
1310.9907341411263, 68.29515841448361
1312.7868852459017, 67.7911123302702
1321.767640769779, 67.60389521327664
1322.3663578047042, 67.07584693457687
1328.3535281539557, 67.0566451789878
1329.5509622238062, 67.51748731312577
1334.3406985032075, 67.33027019613222
1336.1368496079829, 67.94952681388013
1343.3214540270849, 67.94952681388013
1347.512473271561, 67.61349609107118
1354.0983606557377, 68.00713208064738
1354.0983606557377, 67.6615004800439
1359.486813970064, 67.9207241804965
1361.8816821097648, 67.49828555753669
1368.4675694939415, 67.21505966259772
1368.4675694939415, 66.66060896996296
1375.6521739130435, 67.58949389658484
1381.04062722737, 67.51748731312577
1381.04062722737, 66.59580304484982
1383.4354953670706, 66.82238376080099
1390.0213827512473, 67.20065834590592
1394.2124019957237, 66.63420655602798
1400.7982893799003, 66.78302016184337
1404.9893086243765, 67.08544781237143
1411.5751960085531, 67.00624057056646
1418.1610833927298, 67.02784254560417
1422.352102637206, 66.76861884515156
1425.944404846757, 67.11425044575505
1425.944404846757, 66.42298724454808
1425.944404846757, 65.95782471540255
1430.1354240912333, 66.88382937868606
1436.72131147541, 66.8190234535729
1440.912330719886, 67.24866273487862
1444.504632929437, 66.8262241119188
1447.4982181040627, 67.28706624605678
1451.0905203136138, 67.02784254560417
1458.2751247327155, 67.25826361267316
1463.6635780470422, 67.40227677959128
1472.6443335709196, 66.50939514469894
1476.2366357804704, 66.88382937868606
1479.8289379900214, 66.68221094500069
1483.4212401995724, 66.03415169386916
1488.8096935138988, 66.0773556439446
1497.7904490377762, 67.03504320395008
1504.9750534568782, 66.84062542861062
1505.5737704918033, 67.19105746811138
1511.5609408410548, 67.21025922370046
1512.1596578759802, 67.97832944726376
1512.1596578759802, 67.63269784666028
1515.751960085531, 66.90543135372377
1517.5481111903066, 67.51748731312577
1519.9429793300073, 66.69181182279523
1522.936564504633, 67.11425044575505
1526.528866714184, 66.85502674530244
1530.7198859586601, 67.13345220134413
1533.7134711332858, 67.9207241804965
1533.7134711332858, 67.57509257989302
1535.5096222380614, 67.12865176244685
1544.4903777619388, 67.90632286380469
1547.4839629365645, 67.47908380194761
1551.6749821810406, 67.80551364696201
1562.4518888096936, 68.36716499794267
1569.6364932287954, 67.83431628034563
1569.6364932287954, 67.48868467974215
1576.8210976478974, 68.20875051433275
1584.0057020669994, 67.80551364696201
1588.1967213114756, 68.1511452475655
1594.7826086956522, 68.23755314771637
1605.559515324305, 68.74159923192978
1612.744119743407, 68.29515841448361
1618.1325730577335, 68.1511452475655
1627.1133285816109, 68.68399396516253
1638.488952245189, 68.65039089288163
1643.2786885245903, 68.6407900150871
1652.8581610833928, 68.34316280345632
1657.647897362794, 68.3959676313263
1659.4440484675695, 68.95761898230695
1663.0363506771205, 69.59127691674668
1663.0363506771205, 69.2456453161432
1666.6286528866715, 68.90001371553971
1670.8196721311476, 68.63118913729255
1677.4055595153243, 68.26635578109999
1677.4055595153243, 67.94952681388013
1684.5901639344263, 68.12954327252778
1691.7747683535283, 69.01522424907421
1698.95937277263, 68.21595117267864
1704.3478260869565, 68.43917158140174
1704.3478260869565, 68.12234261418187
1712.7298645759088, 68.00713208064738
1720.513186029936, 68.16554656425731
1727.697790449038, 68.68399396516253
1733.0862437633643, 68.75600054862159
1734.8823948681397, 68.035934714031
1742.0669992872417, 67.80551364696201
1742.0669992872417, 67.45988204635853
1742.0669992872417, 67.17185571252229
1749.2516037063435, 67.59669455493074
1755.8374910905204, 67.17185571252229
1756.4362081254455, 67.5462899465094
1763.6208125445476, 67.7983129886161
1770.8054169636493, 67.35907282951584
1777.391304347826, 67.42147853518037
1778.5887384176765, 67.84391715814017
1785.1746258018532, 67.33027019613222
1785.7733428367785, 67.66534083116171
1792.3592302209552, 67.17185571252229
1792.3592302209552, 66.86942806199424
1799.5438346400572, 66.50939514469894
1800.1425516749823, 66.84542586750788
1806.728439059159, 67.0638458373337
1813.913043478261, 67.11425044575505
1813.913043478261, 66.78302016184337
1828.2822523164648, 66.62460567823345
1836.065573770492, 67.50788643533123
1842.6514611546686, 67.48868467974215
1848.039914468995, 67.5462899465094
1849.8360655737706, 67.75942943354822
1864.2052744119744, 67.97832944726376
1864.2052744119744, 67.49588533808806
1868.3962936564506, 66.91263201206968
1871.3898788310764, 67.37347414620766
1873.1860299358518, 66.65340831161707
1875.5808980755526, 66.93183376765876
1880.3706343549538, 66.9414346454533
1885.7590876692802, 67.63269784666028
1885.7590876692802, 67.25826361267316
1891.1475409836066, 67.20065834590592
1897.1347113328584, 66.67261006720615
1901.9244476122594, 66.61020436154163
1907.312900926586, 67.22946097928954
1912.7013542409125, 67.28706624605678
1914.4975053456878, 67.74790838019476
1919.8859586600142, 66.79742147853518
1921.6821097647899, 66.98463859552874
1922.280826799715, 67.3830750240022
1928.8667141838916, 67.44548072966671
1940.2423378474698, 67.31586887944042
1946.2295081967213, 67.2678644904677
1950.4205274411975, 67.09984912906323
1957.0064148253743, 66.5189960224935
1957.6051318602995, 66.9414346454533
1959.4012829650749, 66.25017144424633
1964.1910192444764, 66.69181182279523
1965.3884533143264, 67.10464956796051
1968.3820384889523, 67.69030311342752
1973.7704918032787, 67.63269784666028
1993.8873841767643, 67.15687834316282
2000.114041339986, 67.5462899465094
2007.2986457590878, 67.34467151282404
2008.496079828938, 67.78631189137293
2015.081967213115, 67.57509257989302
2015.081967213115, 67.09264847071732
2022.2665716322167, 68.23755314771637
2043.2216678545974, 68.12234261418187
2044.4191019244477, 68.53518035934715
2051.0049893086243, 67.97832944726376
2058.1895937277263, 68.05033603072282
2064.775481111903, 67.37923467288438
2065.9729151817533, 67.86311891372927
2067.1703492516035, 67.14305307913867
2068.9665003563796, 68.5111781648608
2070.7626514611547, 67.45988204635853
2073.1575196008553, 68.22795226992183
2073.1575196008553, 67.69030311342752
2079.7434069850324, 68.46797421478536
2079.7434069850324, 68.12234261418187
2079.7434069850324, 67.65429982169799
2086.928011404134, 67.15025373748458
2094.112615823236, 68.61198738170347
2094.112615823236, 68.26635578109999
2094.112615823236, 67.77671101357839
2101.297220242338, 68.5255794815526
2101.297220242338, 68.17994788094911
2101.297220242338, 67.73350706350296
2105.4882394868137, 67.16225483472775
2110.2779757662156, 67.22946097928954
2123.449750534569, 68.01673295844192
2130.0356379187456, 68.0215333973392
2137.2202423378476, 67.94232615553423
2145.0035637918745, 67.6422987244548
2158.774055595153, 68.22315183102455
2165.9586600142557, 67.9207241804965
2166.55737704918, 67.51748731312577
2172.544547398432, 66.9270333287615
2173.143264433357, 67.69030311342752
2173.143264433357, 67.34467151282404
2179.7291518175343, 67.40227677959128
2184.5188880969354, 67.09504869016597
2188.1111903064857, 66.66300918941161
2189.3086243763364, 67.11425044575505
2198.289379900214, 67.61829652996846
2204.875267284391, 67.69798381566315
2206.072701354241, 68.22795226992183
2210.862437633642, 68.43917158140174
2210.862437633642, 67.94952681388013
2216.2508909479684, 67.33027019613222
2224.0342124019953, 67.77671101357839
2234.811119030648, 67.98408997394048
2237.804704205275, 68.40172815800302
2239.60085531005, 67.9207241804965
2244.9893086243765, 67.46708270470444
2250.377761938703, 67.60389521327664
2258.759800427655, 68.20875051433275
2266.543121881682, 66.9342339871074
2271.9315751960085, 66.9414346454533
2273.7277263007845, 68.30955973117543
2288.0969351389876, 68.19434919764093
2295.8802565930146, 68.27595665889453
2302.4661439771917, 68.29515841448361
2302.4661439771917, 67.94952681388013
2302.4661439771917, 67.60389521327664
2302.4661439771917, 67.25826361267316
2321.0263720598714, 67.9367256434874
2325.8161083392733, 68.00713208064738
2335.3955808980754, 68.01193251954464
2340.1853171774774, 68.69839528185435
2340.1853171774774, 67.97832944726376
2352.7583749109053, 68.8712110821561
2359.942979330007, 67.7911123302702
2370.7198859586597, 67.6759017967357
2374.312188168211, 66.89823069537786
2374.9109052031363, 67.37347414620766
2376.108339272987, 67.94952681388013
2382.095509622238, 68.19914963653821
2388.0826799714896, 67.76711013578385
2389.2801140413403, 68.17034700315457
2395.8660014255165, 68.56878343162803
2404.846756949394, 67.5462899465094
2408.4390591589454, 67.89192154711289
2410.833927298646, 68.14154436977095
2414.426229508197, 68.65999177067619
2417.419814682823, 68.01433273899329
2421.0121168923733, 68.69839528185435
2421.0121168923733, 68.35276368125086
2424.6044191019246, 68.06473734741462
2426.4005702066997, 68.49677684816898
2429.992872416251, 69.21684268275958
2431.789023521026, 69.45014401316692
2437.1774768353525, 67.25826361267316
2438.9736279401286, 67.43107941297491
2439.572344975053, 67.84391715814017
2446.15823235923, 68.46797421478536
2453.3428367783326, 67.76230969688658
2461.1261582323596, 67.56357152653958
2467.7120456165358, 67.76230969688658
2481.4825374198153, 68.21835139212729
2482.08125445474, 68.6407900150871
2487.469707769066, 68.21835139212729
2488.667141838917, 67.74790838019476
2491.0620099786174, 67.51748731312577
2507.2273699215966, 67.5606912632012
2513.8132573057737, 67.42147853518037
2521.5965787598007, 67.5606912632012
2528.781183178902, 67.58949389658484
2532.3734853884534, 67.34467151282404
2536.564504632929, 67.6422987244548
2542.551674982181, 67.53668906871486
2546.7426942266575, 67.21505966259772
2552.131147540984, 67.14305307913867
2553.927298645759, 67.7911123302702
2559.3157519600854, 67.83431628034563
2568.296507483963, 67.55349060485531
2575.4811119030646, 67.63269784666028
2582.665716322167, 67.89192154711289
2595.238774055595, 67.6615004800439
2601.225944404847, 67.31586887944042
2604.2195295794727, 68.12234261418187
2604.2195295794727, 67.77671101357839
2607.811831789024, 67.33027019613222
2611.4041339985743, 67.86311891372927
2614.9964362081255, 67.57509257989302
2618.5887384176767, 67.80551364696201
2625.7733428367783, 67.86311891372927
2632.9579472558808, 67.33027019613222
2637.1489665003564, 66.97983815663147
2640.1425516749823, 67.51748731312577
2640.7412687099077, 66.67261006720615
2641.9387027797575, 67.17185571252229
2647.327156094084, 67.89192154711289
2654.5117605131863, 67.63269784666028
2668.8809693513904, 67.01344122891237
2676.065573770492, 67.73350706350296
2681.4540270848183, 67.51748731312577
2683.2501781895935, 66.97023727883693
2683.2501781895935, 66.65340831161707
2688.63863150392, 66.75421752845975
2697.6193870277975, 67.25826361267316
2703.007840342124, 67.43107941297491
2703.007840342124, 66.73981621176793
2711.389878831076, 67.01824166780963
2715.580898075553, 66.76861884515156
2719.173200285103, 66.4517898779317
2723.3642195295797, 66.69181182279523
2729.950106913756, 66.89823069537786
2735.338560228083, 66.99903991222055
2747.911617961511, 67.22946097928954
2747.911617961511, 66.75421752845975
2753.3000712758376, 67.20065834590592
2759.2872416250893, 66.25017144424633
2765.274411974341, 66.36538197778083
2770.064148253742, 66.69181182279523
2776.6500356379192, 67.02064188725826
2783.2359230220954, 66.86462762309698
2787.426942266572, 66.63900699492525
2788.0256593014965, 66.20216705527363
2792.8153955808984, 66.13496091071184
2795.210263720599, 66.56316006034838
2808.9807555238776, 66.99903991222055
2809.579472558803, 67.53668906871486
2811.9743406985035, 66.2405705664518
2813.1717747683533, 66.7302153339734
2816.165359942979, 67.60389521327664
2816.165359942979, 67.25826361267316
2819.7576621525304, 66.88382937868606
2819.7576621525304, 66.53819777808258
2820.356379187456, 66.1253600329173
2821.5538132573056, 67.57509257989302
2821.5538132573056, 67.22946097928954
2826.942266571632, 66.88382937868606
2826.942266571632, 66.53819777808258
2826.942266571632, 66.1925661774791
2826.942266571632, 65.87573721025923
2832.3307198859584, 66.68221094500069
2834.1268709907345, 66.07015498559869
2841.311475409836, 66.48059251131532
2849.094796863863, 66.98943903442601
2855.68068424804, 66.0773556439446
2855.68068424804, 65.05486215882596
2862.8652886671416, 65.05486215882596
2867.056307911618, 65.66451789877932
2871.8460441910192, 65.7317240433411
2879.0306486101217, 66.04855301056097
2884.419101924448, 65.13838979563846
2891.6037063435497, 65.99094774379373
2891.6037063435497, 65.67411877657386
2898.189593727727, 65.7989301879029
2902.3806129722025, 65.53010560965575
2906.571632216678, 65.7317240433411
2913.1575196008553, 65.45809902619669
2913.1575196008553, 65.05486215882596
2916.7498218104065, 66.23577012755453
2920.940841054882, 66.00054862158827
2927.5267284390593, 65.14127005897683
2934.711332858161, 65.09806610890139
2941.8959372772633, 65.13406940063092
2949.080541696365, 65.09806610890139
2953.2715609408415, 65.70292140995748
2956.2651461154674, 66.10615827732822
2956.2651461154674, 65.14127005897683
2956.863863150392, 66.5189960224935
2960.456165359943, 65.56850912083391
2961.6535994297938, 65.04046084213414
2966.443335709195, 65.57810999862845
2977.818959372773, 65.97654642710191
2999.3727726300785, 66.22136881086271
3006.55737704918, 66.66780962830887
3011.9458303635065, 66.73981621176793
3028.1111903064866, 66.39418461116445
3035.8945117605135, 66.40378548895899
3041.8816821097653, 66.40378548895899
3042.4803991446897, 66.79742147853518
3047.868852459016, 65.4725003428885
3049.665003563792, 66.10615827732822
3050.2637205987166, 65.67411877657386
3056.8496079828938, 66.55259909477438
3064.0342124019962, 66.8262241119188
3071.218816821098, 66.5670004114662
3071.218816821098, 66.23577012755453
3078.4034212401993, 66.48779316966123
3085.588025659302, 66.12055959402002
3092.7726300784034, 66.63900699492525
3096.3649322879546, 65.54450692634755
3096.96364932288, 65.93334247702647
3099.957234497506, 65.06926347551777
3101.753385602281, 65.61651350980662
3104.1482537419815, 66.02935125497189
3107.1418389166074, 66.4517898779317
3108.9379900213826, 65.9621451104101
3110.7341411261586, 65.05486215882596
3116.122594440485, 65.04046084213414
3121.5110477548114, 65.54450692634755
3128.0969351389886, 65.56850912083391
3129.2943692088384, 66.03895213276643
3135.8802565930155, 66.59580304484982
3135.8802565930155, 66.12055959402002
3146.6571632216683, 65.32848717597038
3153.84176764077, 65.94774379371829
3153.84176764077, 65.35008915100809
3158.0327868852455, 65.09806610890139
3159.2302209550962, 65.61651350980662
3161.0263720598723, 65.89013852695103
3168.210976478974, 65.969345768756
3173.5994297933003, 66.0773556439446
3175.3955808980754, 65.05486215882596
3193.3570919458307, 65.27088190920313
3193.3570919458307, 64.81724043341106
3198.745545260157, 65.04046084213414
3200.5416963649322, 65.20367576464135
3204.732715609409, 65.84117405019887
3207.7263007840347, 65.08366479220958
3210.7198859586606, 65.77012755451928
3217.904490377762, 65.92182142367302
3225.687811831789, 65.93334247702647
3229.8788310762648, 65.65491702098478
3234.6685673556667, 65.67411877657386
3236.464718460442, 65.04046084213414
3241.8531717747683, 65.61651350980662
3243.6493228795443, 65.05486215882596
3250.833927298646, 66.68221094500069
3256.2223806129723, 66.73981621176793
3263.406985032074, 65.41489507612125
3272.3877405559515, 66.39418461116445
3272.3877405559515, 66.10615827732822
3286.7569493941555, 66.65340831161707
3286.7569493941555, 66.31641750102867
3286.7569493941555, 66.01975037717735
3290.3492516037068, 65.06926347551777
3293.941553813257, 65.87573721025923
3293.941553813257, 65.53010560965575
3298.1325730577337, 65.08846523110685
3302.9223093371347, 65.06926347551777
3308.310762651461, 65.80373062680017
3314.8966500356382, 65.95254423261557
3316.094084105488, 66.40378548895899
3322.08125445474, 66.99903991222055
3324.4761225944403, 66.79742147853518
3326.2722736992164, 66.19544644081745
3333.456878118318, 66.33657934439721
3333.456878118318, 65.86853655191332
3338.8453314326443, 66.30777671101359
3338.8453314326443, 65.84693457687561
3344.832501781896, 66.81662323412426
3351.418389166073, 66.76861884515156
3351.418389166073, 66.42298724454808
3351.418389166073, 66.0773556439446
3352.0171062009977, 65.65491702098478
3356.8068424803996, 66.72541489507613
3356.8068424803996, 66.0773556439446
3358.0042765502494, 65.21327664243589
3358.6029935851748, 65.61651350980662
3362.7940128296505, 65.12686874228501
3365.7875980042763, 65.55890824303937
3367.5837491090524, 65.14991084899191
3372.972202423379, 66.0773556439446
3380.1568068424804, 66.53819777808258
3381.9529579472564, 66.10615827732822
3387.341411261583, 65.48690165958031
3395.1247327156098, 66.09655739953368
3399.914468995011, 66.17528459744891
3401.710620099786, 65.70292140995748
3401.710620099786, 65.05486215882596
3408.8952245188884, 66.0773556439446
3416.07982893799, 66.05143327389933
3419.672131147541, 65.44369770950487
3427.455452601568, 65.31888629817584
3432.245188880969, 65.38609244273762
3438.232359230221, 65.89173867325013
3444.818246614398, 65.41489507612125
3444.818246614398, 65.06926347551777
3445.4169636493225, 65.86613633246469
3452.0028510334996, 66.16376354409546
3452.0028510334996, 65.84693457687561
3459.187455452602, 65.78932931010836
3459.187455452602, 65.48690165958031
3464.5759087669285, 65.81813194349198
3473.556664290805, 65.32848717597038
3480.7412687099077, 65.63091482649843
3486.129722024234, 65.50130297627211
3487.9258731290092, 65.70292140995748
3488.5245901639346, 66.11575915512276
3495.1104775481117, 65.14607049787409
3502.2950819672133, 65.04046084213414
3510.07840342124, 65.08206464591049
3516.6642908054173, 64.95405294198328
3516.6642908054173, 64.65162529145522
3523.848895224519, 65.1124674255932
3531.0334996436213, 64.79563845837335
3538.218104062723, 65.06926347551777
3545.4027084818244, 65.04046084213414
3552.587312900927, 65.04046084213414
3557.9757662152533, 64.43560554107805
3559.7719173200285, 65.05486215882596
3566.956521739131, 65.12686874228501
3572.3449750534573, 65.4725003428885
3574.1411261582325, 65.06926347551777
3581.325730577334, 64.9828555753669
3588.5103349964365, 64.96125360032917
3596.2936564504635, 65.21327664243589
3602.8795438346406, 65.25648059251132
3606.471846044191, 65.78932931010836
3614.255167498218, 65.76052667672474
3620.841054882395, 65.78932931010836
3625.0320741268706, 65.51090385406667
3628.0256593014974, 65.15567137566863
3631.6179615110477, 65.55890824303937
3634.6115466856736, 65.09806610890139
3642.3948681397005, 65.13646962007955
3642.993585174626, 66.03415169386916
3646.88524590164, 65.49410231792622
3649.579472558803, 66.10615827732822
3653.1717747683533, 65.58411054725003
3654.9679258731294, 66.02551090385407
3660.356379187456, 64.92525030859964
3660.9550962223802, 64.51241256343438
3666.942266571633, 64.56041695240708
3667.5409836065573, 64.92525030859964
3668.1397006414827, 65.34768893155946
3674.1268709907345, 65.05966259772322
3674.72558802566, 65.50130297627211
3678.9166072701355, 64.84844328624332
3685.5024946543126, 64.52201344122892
3686.101211689237, 64.89644767521602
3690.890947968639, 64.07077218488548
3692.687099073414, 65.08366479220958
3692.687099073414, 64.69482924153066
3692.687099073414, 64.34919764092717
3699.2729864575913, 64.50281168563984
3699.8717034925166, 64.99725689205872
3706.457590876693, 64.89644767521602
3710.6486101211694, 64.46440817446167
3714.2409123307198, 65.04046084213414
3716.037063435496, 64.11877657385818
3717.833214540271, 64.5076121245371
3721.4255167498222, 65.05486215882596
3724.419101924448, 64.05157042929639
3725.0178189593726, 64.46440817446167
3732.202423378475, 64.23398710739268
3732.202423378475, 63.888355506789196
3732.202423378475, 63.542723906185714
3732.202423378475, 63.21149362227404
3738.788310762652, 63.27389932793856
3739.3870277975766, 63.68673707310383
3744.775481111903, 63.341105472500345
3750.1639344262294, 63.62913180633659
3750.7626514611547, 64.08037306268002
3751.9600855310055, 62.88026333836237
3754.354953670706, 63.158688794404064
3755.552387740556, 63.65793443972021
3757.348538845332, 63.93155945686463
3757.9472558802563, 64.34919764092717
3764.5331432644334, 64.46440817446167
3764.5331432644334, 64.11877657385818
3764.5331432644334, 63.80194760663832
3769.92159657876, 63.84035111781649
3771.717747683536, 64.29159237415993
3778.9023521026375, 64.36359895761899
3782.4946543121887, 63.859552873405576
3783.093371347113, 63.43711425044576
3789.080541696365, 63.561925661774794
3793.2715609408415, 64.11877657385818
3793.870277975767, 63.42751337265122
3803.449750534569, 63.331504594705805
3804.6471846044196, 63.75394321766562
3811.233071988596, 63.90275682348101
3818.4176764076983, 62.88026333836237
3825.6022808268, 62.88746399670828
3832.7868852459014, 63.26909888904129
3839.971489665004, 63.61473048964477
3847.1560940841055, 64.03236867370731
3852.544547398432, 63.97476340694007
3858.5317177476836, 63.50432039500755
3864.5188880969354, 63.43711425044576
3872.9009265858876, 63.23549581676039
3877.6906628652887, 63.09628308873955
3883.079116179615, 62.72184885475244
3890.2637205987176, 62.83705938828693
3897.448325017819, 62.77225346317378
3904.6329294369207, 62.90186531340009
3910.021382751248, 62.937868605129616
3919.60085531005, 61.88177204773008
3926.186742694227, 61.86497051158963
3933.3713471133287, 61.90097380331917
3933.3713471133287, 61.64175010286655
3933.970064148254, 62.31381154848444
3939.957234497505, 61.65135098066109
3940.5559515324303, 62.01618433685366
3947.7405559515328, 62.01618433685366
3947.7405559515328, 61.6993553696338
3953.129009265859, 62.10259223700453
3955.5238774055597, 62.40021944863531
3961.5110477548114, 61.65135098066109
3962.109764789737, 62.01618433685366
3962.708481824662, 62.42902208201893
3968.695652173913, 62.765052804827874
3974.6828225231648, 62.85146070497875
3976.47897362794, 62.13139487038816
3984.2622950819677, 61.430530791386644
3992.64433357092, 62.64984227129338
3998.0327868852464, 61.74975997805514
3999.8289379900216, 61.440131669181184
4001.6250890947967, 62.59223700452613
4005.217391304348, 62.10979289535044
4008.809693513899, 62.520230421067076
4016.593014967926, 62.46742559319709
4019.586600142552, 63.20861335893568
4019.586600142552, 62.88026333836237
4021.382751247327, 62.534631737758886
4024.9750534568784, 62.937868605129616
4041.1404133998576, 63.2835002057331
4048.9237348538854, 62.65944314908792
4053.7134711332865, 62.59223700452613
4062.694226657163, 62.1890001371554
4068.0826799714896, 62.1890001371554
4076.464718460442, 62.1890001371554
4084.248039914469, 62.16499794266905
4091.4326443335713, 62.82265807159512
4098.617248752673, 62.534631737758886
4098.617248752673, 62.08819092031272
4105.20313613685, 62.96667123851324
4107.5980042765505, 62.765052804827874
4112.986457590877, 62.28980935399808
4119.572344975053, 61.977780825675495
4120.171062009978, 62.39061857084077
4127.954383464006, 62.918666849540536
4132.744119743407, 63.139487038814984
4141.12615823236, 62.909065971745996
4145.317177476835, 62.70744753806063
4163.2786885245905, 62.3042106706899
4170.463292943692, 62.63544095460157
4177.6478973627945, 62.4266218625703
4184.233784746971, 62.371416815251685
4185.4312188168215, 62.774653682622414
4192.017106200998, 62.98107255520505
4197.405559515325, 62.885063777259646
4199.2017106201, 63.49951995611028
4209.978617248753, 63.326704155808535
4216.56450463293, 63.36990810588397
4221.354240912331, 63.67713619530929
4227.341411261583, 63.37950898367851
4235.12473271561, 63.341105472500345
4240.513186029936, 63.48511863941847
4242.309337134712, 62.952269921821426
4248.895224518888, 62.72664929364971
4249.493941553814, 63.48511863941847
4249.493941553814, 63.139487038814984
4256.678545972915, 63.19709230558223
4256.678545972915, 62.85146070497875
4256.678545972915, 62.505829104375266
4256.678545972915, 62.160197503771776
4262.066999287242, 63.09148264984228
4262.066999287242, 62.361815937457145
4270.449037776194, 63.10108352763682
4272.8439059158945, 62.88026333836237
4277.633642195296, 63.350706350294885
4278.232359230222, 63.7731449732547
4280.028510334997, 63.11068440543136
4299.187455452602, 62.69784666026609
4299.786172487527, 63.05307913866411
4300.384889522453, 63.46591688382938
4305.174625801854, 63.48511863941847
4305.174625801854, 62.83705938828693
4310.56307911618, 62.13139487038816
4314.754098360657, 62.381017693046225
