Sample 2 - Real_Frequency [Hz]	Normalized Surface Impedance on Cavity	Sample 2 - Imag_Frequency [Hz]	Normalized Surface Impedance on Cavity	
6,875000E+1	4,785372E+0	6,875000E+1	-9,340933E+0
7,031250E+1	4,946772E+0	7,031250E+1	-9,099545E+0
7,187500E+1	5,662805E+0	7,187500E+1	-9,489156E+0
7,343750E+1	6,314903E+0	7,343750E+1	-9,791708E+0
7,500000E+1	3,624924E+0	7,500000E+1	-8,295277E+0
7,656250E+1	2,385036E+0	7,656250E+1	-7,118532E+0
7,812500E+1	2,543448E+0	7,812500E+1	-7,241868E+0
7,968750E+1	2,735207E+0	7,968750E+1	-7,392872E+0
8,125000E+1	3,170106E+0	8,125000E+1	-7,441709E+0
8,281250E+1	3,627351E+0	8,281250E+1	-7,487149E+0
8,437500E+1	4,025855E+0	8,437500E+1	-7,600566E+0
8,593750E+1	4,397278E+0	8,593750E+1	-7,723955E+0
8,750000E+1	3,340654E+0	8,750000E+1	-7,867278E+0
8,906250E+1	2,446552E+0	8,906250E+1	-7,804570E+0
9,062500E+1	2,325758E+0	9,062500E+1	-7,416714E+0
9,218750E+1	2,234376E+0	9,218750E+1	-7,116737E+0
9,375000E+1	2,344412E+0	9,375000E+1	-7,215016E+0
9,531250E+1	2,445307E+0	9,531250E+1	-7,306637E+0
9,687500E+1	2,257630E+0	9,687500E+1	-6,985941E+0
9,843750E+1	2,108576E+0	9,843750E+1	-6,726545E+0
1,000000E+2	2,060621E+0	1,000000E+2	-6,676946E+0
1,015625E+2	2,015642E+0	1,015625E+2	-6,634059E+0
1,031250E+2	1,859458E+0	1,031250E+2	-6,437826E+0
1,046875E+2	1,736187E+0	1,046875E+2	-6,273992E+0
1,062500E+2	1,782276E+0	1,062500E+2	-6,206571E+0
1,078125E+2	1,821228E+0	1,078125E+2	-6,147152E+0
1,093750E+2	1,681298E+0	1,093750E+2	-5,989604E+0
1,109375E+2	1,568080E+0	1,109375E+2	-5,857819E+0
1,125000E+2	1,559949E+0	1,125000E+2	-5,821243E+0
1,140625E+2	1,557822E+0	1,140625E+2	-5,797108E+0
1,156250E+2	1,594046E+0	1,156250E+2	-5,821616E+0
1,171875E+2	1,622032E+0	1,171875E+2	-5,835200E+0
1,187500E+2	1,404041E+0	1,187500E+2	-5,457605E+0
1,203125E+2	1,245773E+0	1,203125E+2	-5,160849E+0
1,218750E+2	1,264515E+0	1,218750E+2	-5,148362E+0
1,234375E+2	1,282991E+0	1,234375E+2	-5,140252E+0
1,250000E+2	1,247598E+0	1,250000E+2	-5,071924E+0
1,265625E+2	1,218406E+0	1,265625E+2	-5,011787E+0
1,281250E+2	1,196220E+0	1,281250E+2	-4,881480E+0
1,296875E+2	1,179546E+0	1,296875E+2	-4,773294E+0
1,312500E+2	1,197034E+0	1,312500E+2	-4,741219E+0
1,328125E+2	1,212932E+0	1,328125E+2	-4,707551E+0
1,343750E+2	1,162942E+0	1,343750E+2	-4,481919E+0
1,359375E+2	1,124264E+0	1,359375E+2	-4,303257E+0
1,375000E+2	1,175028E+0	1,375000E+2	-4,337155E+0
1,390625E+2	1,226626E+0	1,390625E+2	-4,370049E+0
1,406250E+2	1,250573E+0	1,406250E+2	-4,314332E+0
1,421875E+2	1,273131E+0	1,421875E+2	-4,267928E+0
1,437500E+2	1,269832E+0	1,437500E+2	-4,251437E+0
1,453125E+2	1,266891E+0	1,453125E+2	-4,240741E+0
1,468750E+2	1,207878E+0	1,468750E+2	-4,234390E+0
1,484375E+2	1,156624E+0	1,484375E+2	-4,232653E+0
1,500000E+2	1,138738E+0	1,500000E+2	-4,249249E+0
1,515625E+2	1,123453E+0	1,515625E+2	-4,268506E+0
1,531250E+2	1,096481E+0	1,531250E+2	-4,260500E+0
1,546875E+2	1,071843E+0	1,546875E+2	-4,254356E+0
1,562500E+2	1,011114E+0	1,562500E+2	-4,173879E+0
1,578125E+2	9,610355E-1	1,578125E+2	-4,106466E+0
1,593750E+2	9,489662E-1	1,593750E+2	-4,066352E+0
1,609375E+2	9,388185E-1	1,609375E+2	-4,033056E+0
1,625000E+2	9,122285E-1	1,625000E+2	-3,982498E+0
1,640625E+2	8,896069E-1	1,640625E+2	-3,939771E+0
1,656250E+2	8,650557E-1	1,656250E+2	-3,877035E+0
1,671875E+2	8,446296E-1	1,671875E+2	-3,825691E+0
1,687500E+2	8,312448E-1	1,687500E+2	-3,802367E+0
1,703125E+2	8,202773E-1	1,703125E+2	-3,783639E+0
1,718750E+2	8,092132E-1	1,718750E+2	-3,733503E+0
1,734375E+2	8,005581E-1	1,734375E+2	-3,692768E+0
1,750000E+2	7,980428E-1	1,750000E+2	-3,667553E+0
1,765625E+2	7,977447E-1	1,765625E+2	-3,651092E+0
1,781250E+2	8,170392E-1	1,781250E+2	-3,698639E+0
1,796875E+2	8,333621E-1	1,796875E+2	-3,738000E+0
1,812500E+2	7,568523E-1	1,812500E+2	-3,539861E+0
1,828125E+2	6,987985E-1	1,828125E+2	-3,388254E+0
1,843750E+2	6,926358E-1	1,843750E+2	-3,357433E+0
1,859375E+2	6,867273E-1	1,859375E+2	-3,330772E+0
1,875000E+2	6,559837E-1	1,875000E+2	-3,251782E+0
1,890625E+2	6,315509E-1	1,890625E+2	-3,190536E+0
1,906250E+2	6,454356E-1	1,906250E+2	-3,213115E+0
1,921875E+2	6,600790E-1	1,921875E+2	-3,238830E+0
1,937500E+2	6,789765E-1	1,937500E+2	-3,283756E+0
1,953125E+2	6,975621E-1	1,953125E+2	-3,326899E+0
1,968750E+2	6,859271E-1	1,968750E+2	-3,279384E+0
1,984375E+2	6,740770E-1	1,984375E+2	-3,235661E+0
2,000000E+2	6,200073E-1	2,000000E+2	-3,079428E+0
2,015625E+2	5,782801E-1	2,015625E+2	-2,964156E+0
2,031250E+2	5,762138E-1	2,031250E+2	-2,946257E+0
2,046875E+2	5,755002E-1	2,046875E+2	-2,935439E+0
2,062500E+2	5,920646E-1	2,062500E+2	-2,962725E+0
2,078125E+2	6,084958E-1	2,078125E+2	-2,990156E+0
2,093750E+2	6,108808E-1	2,093750E+2	-2,978419E+0
2,109375E+2	6,130053E-1	2,109375E+2	-2,969619E+0
2,125000E+2	6,020142E-1	2,125000E+2	-2,917755E+0
2,140625E+2	5,916208E-1	2,140625E+2	-2,874886E+0
2,156250E+2	5,708523E-1	2,156250E+2	-2,778432E+0
2,171875E+2	5,527176E-1	2,171875E+2	-2,710510E+0
2,187500E+2	5,684588E-1	2,187500E+2	-2,740170E+0
2,203125E+2	5,835700E-1	2,203125E+2	-2,766726E+0
2,218750E+2	5,715362E-1	2,218750E+2	-2,692808E+0
2,234375E+2	5,595845E-1	2,234375E+2	-2,641128E+0
2,250000E+2	5,712278E-1	2,250000E+2	-2,653734E+0
2,265625E+2	5,822392E-1	2,265625E+2	-2,666486E+0
2,281250E+2	5,805244E-1	2,281250E+2	-2,628724E+0
2,296875E+2	5,767705E-1	2,296875E+2	-2,598981E+0
2,312500E+2	5,621544E-1	2,312500E+2	-2,512497E+0
2,328125E+2	5,443198E-1	2,328125E+2	-2,457128E+0
2,343750E+2	5,558287E-1	2,343750E+2	-2,467755E+0
2,359375E+2	5,662320E-1	2,359375E+2	-2,476942E+0
2,375000E+2	5,600409E-1	2,375000E+2	-2,404436E+0
2,390625E+2	5,451805E-1	2,390625E+2	-2,359184E+0
2,406250E+2	5,553635E-1	2,406250E+2	-2,358439E+0
2,421875E+2	5,629176E-1	2,421875E+2	-2,359752E+0
2,437500E+2	5,661604E-1	2,437500E+2	-2,321350E+0
2,453125E+2	5,599070E-1	2,453125E+2	-2,297540E+0
2,468750E+2	5,741849E-1	2,468750E+2	-2,306273E+0
2,484375E+2	5,862438E-1	2,484375E+2	-2,317491E+0
2,500000E+2	6,054742E-1	2,500000E+2	-2,343713E+0
2,515625E+2	6,246460E-1	2,515625E+2	-2,370720E+0
2,531250E+2	6,453424E-1	2,531250E+2	-2,399920E+0
2,546875E+2	6,662263E-1	2,546875E+2	-2,429908E+0
2,562500E+2	6,882226E-1	2,562500E+2	-2,461354E+0
2,578125E+2	7,175059E-1	2,578125E+2	-2,483226E+0
2,593750E+2	7,716669E-1	2,593750E+2	-2,168829E+0
2,609375E+2	5,519324E-1	2,609375E+2	-1,959875E+0
2,625000E+2	5,580042E-1	2,625000E+2	-1,800555E+0
2,640625E+2	4,697112E-1	2,640625E+2	-1,599961E+0
2,656250E+2	4,797640E-1	2,656250E+2	-1,617188E+0
2,671875E+2	4,900951E-1	2,671875E+2	-1,634607E+0
2,687500E+2	5,014679E-1	2,687500E+2	-1,652108E+0
2,703125E+2	5,131376E-1	2,703125E+2	-1,669778E+0
2,718750E+2	5,249375E-1	2,718750E+2	-1,687526E+0
2,734375E+2	5,370619E-1	2,734375E+2	-1,705449E+0
2,750000E+2	5,498854E-1	2,750000E+2	-1,723540E+0
2,765625E+2	5,630523E-1	2,765625E+2	-1,741795E+0
2,781250E+2	5,764033E-1	2,781250E+2	-1,760110E+0
2,796875E+2	5,894615E-1	2,796875E+2	-1,772561E+0
2,812500E+2	5,740630E-1	2,812500E+2	-1,623264E+0
2,828125E+2	5,277285E-1	2,828125E+2	-1,447628E+0
2,843750E+2	5,374506E-1	2,843750E+2	-1,457993E+0
2,859375E+2	5,473146E-1	2,859375E+2	-1,468285E+0
2,875000E+2	5,571222E-1	2,875000E+2	-1,477435E+0
2,890625E+2	5,670645E-1	2,890625E+2	-1,486445E+0
2,906250E+2	5,776577E-1	2,906250E+2	-1,493999E+0
2,921875E+2	5,882092E-1	2,921875E+2	-1,500182E+0
2,937500E+2	5,947944E-1	2,937500E+2	-1,476492E+0
2,953125E+2	6,002729E-1	2,953125E+2	-1,451411E+0
2,968750E+2	6,085456E-1	2,968750E+2	-1,446082E+0
2,984375E+2	6,165056E-1	2,984375E+2	-1,440186E+0
3,000000E+2	6,253632E-1	3,000000E+2	-1,438274E+0
3,015625E+2	6,340634E-1	3,015625E+2	-1,436069E+0
3,031250E+2	6,440008E-1	3,031250E+2	-1,439242E+0
3,046875E+2	6,537501E-1	3,046875E+2	-1,441497E+0
3,062500E+2	6,590996E-1	3,062500E+2	-1,427777E+0
3,078125E+2	6,638858E-1	3,078125E+2	-1,413772E+0
3,093750E+2	6,729883E-1	3,093750E+2	-1,416794E+0
3,109375E+2	6,818608E-1	3,109375E+2	-1,419199E+0
3,125000E+2	6,860723E-1	3,125000E+2	-1,411760E+0
3,140625E+2	6,898161E-1	3,140625E+2	-1,404073E+0
3,156250E+2	6,953890E-1	3,156250E+2	-1,403079E+0
3,171875E+2	7,006559E-1	3,171875E+2	-1,401826E+0
3,187500E+2	7,051934E-1	3,187500E+2	-1,400532E+0
3,203125E+2	7,091780E-1	3,203125E+2	-1,398768E+0
3,218750E+2	7,071982E-1	3,218750E+2	-1,391149E+0
3,234375E+2	7,047633E-1	3,234375E+2	-1,383618E+0
3,250000E+2	7,089984E-1	3,250000E+2	-1,385038E+0
3,265625E+2	7,127411E-1	3,265625E+2	-1,386047E+0
3,281250E+2	7,097333E-1	3,281250E+2	-1,379614E+0
3,296875E+2	7,062145E-1	3,296875E+2	-1,373163E+0
3,312500E+2	7,064268E-1	3,312500E+2	-1,370899E+0
3,328125E+2	7,061183E-1	3,328125E+2	-1,368385E+0
3,343750E+2	7,031217E-1	3,343750E+2	-1,362790E+0
3,359375E+2	6,995033E-1	3,359375E+2	-1,356924E+0
3,375000E+2	6,946706E-1	3,375000E+2	-1,348175E+0
3,390625E+2	6,892501E-1	3,390625E+2	-1,339272E+0
3,406250E+2	6,857044E-1	3,406250E+2	-1,331636E+0
3,421875E+2	6,816204E-1	3,421875E+2	-1,323771E+0
3,437500E+2	6,780415E-1	3,437500E+2	-1,314955E+0
3,453125E+2	6,739897E-1	3,453125E+2	-1,305958E+0
3,468750E+2	6,717948E-1	3,468750E+2	-1,297686E+0
3,484375E+2	6,691517E-1	3,484375E+2	-1,289154E+0
3,500000E+2	6,669755E-1	3,500000E+2	-1,279464E+0
3,515625E+2	6,642430E-1	3,515625E+2	-1,269230E+0
3,531250E+2	6,591972E-1	3,531250E+2	-1,251459E+0
3,546875E+2	6,538272E-1	3,546875E+2	-1,233850E+0
3,562500E+2	6,559106E-1	3,562500E+2	-1,228440E+0
3,578125E+2	6,576165E-1	3,578125E+2	-1,222429E+0
3,593750E+2	6,559923E-1	3,593750E+2	-1,206079E+0
3,609375E+2	6,540248E-1	3,609375E+2	-1,189583E+0
3,625000E+2	6,552356E-1	3,625000E+2	-1,176942E+0
3,640625E+2	6,561709E-1	3,640625E+2	-1,164098E+0
3,656250E+2	6,588059E-1	3,656250E+2	-1,152553E+0
3,671875E+2	6,611641E-1	3,671875E+2	-1,140634E+0
3,687500E+2	6,638630E-1	3,687500E+2	-1,125408E+0
3,703125E+2	6,662949E-1	3,703125E+2	-1,110003E+0
3,718750E+2	6,705182E-1	3,718750E+2	-1,096570E+0
3,734375E+2	6,745008E-1	3,734375E+2	-1,082940E+0
3,750000E+2	6,795826E-1	3,750000E+2	-1,070262E+0
3,765625E+2	6,844468E-1	3,765625E+2	-1,057329E+0
3,781250E+2	6,903622E-1	3,781250E+2	-1,043572E+0
3,796875E+2	6,960595E-1	3,796875E+2	-1,029626E+0
3,812500E+2	7,031077E-1	3,812500E+2	-1,016437E+0
3,828125E+2	7,099445E-1	3,828125E+2	-1,003087E+0
3,843750E+2	7,178789E-1	3,843750E+2	-9,910864E-1
3,859375E+2	7,256232E-1	3,859375E+2	-9,789082E-1
3,875000E+2	7,343991E-1	3,875000E+2	-9,674951E-1
3,890625E+2	7,430056E-1	3,890625E+2	-9,558568E-1
3,906250E+2	7,528406E-1	3,906250E+2	-9,437893E-1
3,921875E+2	7,624715E-1	3,921875E+2	-9,315478E-1
3,937500E+2	7,729019E-1	3,937500E+2	-9,204381E-1
3,953125E+2	7,831455E-1	3,953125E+2	-9,091501E-1
3,968750E+2	7,942442E-1	3,968750E+2	-8,988863E-1
3,984375E+2	8,051789E-1	3,984375E+2	-8,884038E-1
4,000000E+2	8,171290E-1	4,000000E+2	-8,780953E-1
4,015625E+2	8,288830E-1	4,015625E+2	-8,676104E-1
4,031250E+2	8,410967E-1	4,031250E+2	-8,587265E-1
4,046875E+2	8,531497E-1	4,046875E+2	-8,496352E-1
4,062500E+2	8,657507E-1	4,062500E+2	-8,413820E-1
4,078125E+2	8,782135E-1	4,078125E+2	-8,328985E-1
4,093750E+2	8,914770E-1	4,093750E+2	-8,248681E-1
4,109375E+2	9,045763E-1	4,109375E+2	-8,166143E-1
4,125000E+2	9,177945E-1	4,125000E+2	-8,094582E-1
4,140625E+2	9,308796E-1	4,140625E+2	-8,020682E-1
4,156250E+2	9,443199E-1	4,156250E+2	-7,954677E-1
4,171875E+2	9,576251E-1	4,171875E+2	-7,886231E-1
4,187500E+2	9,708709E-1	4,187500E+2	-7,824974E-1
4,203125E+2	9,840060E-1	4,203125E+2	-7,761256E-1
4,218750E+2	9,973905E-1	4,218750E+2	-7,703207E-1
4,234375E+2	1,010669E+0	4,234375E+2	-7,642593E-1
4,250000E+2	1,024079E+0	4,250000E+2	-7,586750E-1
4,265625E+2	1,037376E+0	4,265625E+2	-7,528330E-1
4,281250E+2	1,050417E+0	4,281250E+2	-7,475181E-1
4,296875E+2	1,063383E+0	4,296875E+2	-7,419268E-1
4,312500E+2	1,076811E+0	4,312500E+2	-7,361901E-1
4,328125E+2	1,090128E+0	4,328125E+2	-7,301831E-1
4,343750E+2	1,103317E+0	4,343750E+2	-7,246219E-1
4,359375E+2	1,116465E+0	4,359375E+2	-7,187497E-1
4,375000E+2	1,130945E+0	4,375000E+2	-7,122213E-1
4,390625E+2	1,145303E+0	4,390625E+2	-7,053826E-1
4,406250E+2	1,159750E+0	4,406250E+2	-6,992769E-1
4,421875E+2	1,174167E+0	4,421875E+2	-6,928242E-1
4,437500E+2	1,190412E+0	4,437500E+2	-6,862494E-1
4,453125E+2	1,206610E+0	4,453125E+2	-6,792723E-1
4,468750E+2	1,224334E+0	4,468750E+2	-6,727640E-1
4,484375E+2	1,242023E+0	4,484375E+2	-6,658028E-1
4,500000E+2	1,261055E+0	4,500000E+2	-6,597616E-1
4,515625E+2	1,280135E+0	4,515625E+2	-6,532066E-1
4,531250E+2	1,301633E+0	4,531250E+2	-6,476179E-1
4,546875E+2	1,323253E+0	4,546875E+2	-6,414248E-1
4,562500E+2	1,347674E+0	4,562500E+2	-6,368881E-1
4,578125E+2	1,372257E+0	4,578125E+2	-6,316238E-1
4,593750E+2	1,397936E+0	4,593750E+2	-6,285945E-1
4,609375E+2	1,424044E+0	4,609375E+2	-6,248353E-1
4,625000E+2	1,454734E+0	4,625000E+2	-6,242928E-1
4,640625E+2	1,485960E+0	4,640625E+2	-6,228084E-1
4,656250E+2	1,517194E+0	4,656250E+2	-6,250246E-1
4,671875E+2	1,549376E+0	4,671875E+2	-6,264766E-1
4,687500E+2	1,586441E+0	4,687500E+2	-6,343132E-1
4,703125E+2	1,624850E+0	4,703125E+2	-6,412931E-1
4,718750E+2	1,663686E+0	4,718750E+2	-6,547978E-1
4,734375E+2	1,704420E+0	4,734375E+2	-6,678455E-1
4,750000E+2	1,747530E+0	4,750000E+2	-6,912478E-1
4,765625E+2	1,793118E+0	4,765625E+2	-7,147099E-1
4,781250E+2	1,835887E+0	4,781250E+2	-7,496392E-1
4,796875E+2	1,881485E+0	4,796875E+2	-7,857249E-1
4,812500E+2	1,920917E+0	4,812500E+2	-8,341739E-1
4,828125E+2	1,962895E+0	4,828125E+2	-8,848606E-1
4,843750E+2	1,992358E+0	4,843750E+2	-9,393166E-1
4,859375E+2	2,023390E+0	4,859375E+2	-9,965355E-1
4,875000E+2	2,042808E+0	4,875000E+2	-1,053410E+0
4,890625E+2	2,062819E+0	4,890625E+2	-1,113297E+0
4,906250E+2	2,071917E+0	4,906250E+2	-1,175533E+0
4,921875E+2	2,080645E+0	4,921875E+2	-1,240690E+0
4,937500E+2	2,079660E+0	4,937500E+2	-1,301581E+0
4,953125E+2	2,077657E+0	4,953125E+2	-1,364826E+0
4,968750E+2	2,067996E+0	4,968750E+2	-1,421543E+0
4,984375E+2	2,056878E+0	4,984375E+2	-1,480141E+0
5,000000E+2	2,037260E+0	5,000000E+2	-1,535434E+0
5,015625E+2	2,015897E+0	5,015625E+2	-1,591914E+0
5,031250E+2	1,990509E+0	5,031250E+2	-1,641426E+0
5,046875E+2	1,963424E+0	5,046875E+2	-1,691534E+0
5,062500E+2	1,932973E+0	5,062500E+2	-1,733193E+0
5,078125E+2	1,900894E+0	5,078125E+2	-1,775176E+0
5,093750E+2	1,862920E+0	5,093750E+2	-1,814937E+0
5,109375E+2	1,823541E+0	5,109375E+2	-1,854252E+0
5,125000E+2	1,785839E+0	5,125000E+2	-1,883278E+0
5,140625E+2	1,747125E+0	5,140625E+2	-1,911813E+0
5,156250E+2	1,708058E+0	5,156250E+2	-1,933976E+0
5,171875E+2	1,668243E+0	5,171875E+2	-1,955657E+0
5,187500E+2	1,627147E+0	5,187500E+2	-1,975623E+0
5,203125E+2	1,585527E+0	5,203125E+2	-1,994842E+0
5,218750E+2	1,545385E+0	5,218750E+2	-2,007889E+0
5,234375E+2	1,505013E+0	5,234375E+2	-2,020310E+0
5,250000E+2	1,465851E+0	5,250000E+2	-2,029426E+0
5,265625E+2	1,426740E+0	5,265625E+2	-2,037988E+0
5,281250E+2	1,391593E+0	5,281250E+2	-2,043972E+0
5,296875E+2	1,356400E+0	5,296875E+2	-2,049523E+0
5,312500E+2	1,320583E+0	5,312500E+2	-2,051281E+0
5,328125E+2	1,285169E+0	5,328125E+2	-2,052742E+0
5,343750E+2	1,256165E+0	5,343750E+2	-2,053826E+0
5,359375E+2	1,227784E+0	5,359375E+2	-2,054943E+0
5,375000E+2	1,212272E+0	5,375000E+2	-2,058401E+0
5,390625E+2	1,192895E+0	5,390625E+2	-2,060121E+0
5,406250E+2	1,085385E+0	5,406250E+2	-2,013715E+0
5,421875E+2	9,891320E-1	5,421875E+2	-1,967350E+0
5,437500E+2	9,867155E-1	5,437500E+2	-1,973648E+0
5,453125E+2	9,844472E-1	5,453125E+2	-1,980372E+0
5,468750E+2	9,865035E-1	5,468750E+2	-1,990309E+0
5,484375E+2	9,878872E-1	5,484375E+2	-2,000123E+0
5,500000E+2	9,732812E-1	5,500000E+2	-1,998803E+0
5,515625E+2	9,572244E-1	5,515625E+2	-1,996231E+0
5,531250E+2	9,085321E-1	5,531250E+2	-1,959825E+0
5,546875E+2	8,632528E-1	5,546875E+2	-1,925054E+0
5,562500E+2	8,468009E-1	5,562500E+2	-1,916685E+0
5,578125E+2	8,306728E-1	5,578125E+2	-1,908652E+0
5,593750E+2	8,202142E-1	5,593750E+2	-1,904395E+0
5,609375E+2	8,099276E-1	5,609375E+2	-1,900517E+0
5,625000E+2	8,047595E-1	5,625000E+2	-1,902027E+0
5,640625E+2	7,995567E-1	5,640625E+2	-1,903719E+0
5,656250E+2	7,958238E-1	5,656250E+2	-1,906803E+0
5,671875E+2	7,918689E-1	5,671875E+2	-1,909835E+0
5,687500E+2	7,846361E-1	5,687500E+2	-1,909182E+0
5,703125E+2	7,770928E-1	5,703125E+2	-1,908208E+0
5,718750E+2	7,628863E-1	5,718750E+2	-1,897555E+0
5,734375E+2	7,465988E-1	5,734375E+2	-1,883989E+0
5,750000E+2	6,799877E-1	5,750000E+2	-1,799231E+0
5,765625E+2	6,230885E-1	5,765625E+2	-1,723165E+0
5,781250E+2	6,288963E-1	5,781250E+2	-1,736015E+0
5,796875E+2	6,323750E-1	5,796875E+2	-1,744910E+0
5,812500E+2	5,798654E-1	5,812500E+2	-1,658278E+0
5,828125E+2	5,352286E-1	5,828125E+2	-1,581614E+0
5,843750E+2	5,401866E-1	5,843750E+2	-1,592979E+0
5,859375E+2	5,451790E-1	5,859375E+2	-1,604353E+0
5,875000E+2	5,481988E-1	5,875000E+2	-1,611872E+0
5,890625E+2	5,512037E-1	5,890625E+2	-1,619402E+0
5,906250E+2	5,524547E-1	5,906250E+2	-1,623746E+0
5,921875E+2	5,536787E-1	5,921875E+2	-1,628120E+0
5,937500E+2	5,536668E-1	5,937500E+2	-1,629889E+0
5,953125E+2	5,530161E-1	5,953125E+2	-1,630453E+0
5,968750E+2	5,371834E-1	5,968750E+2	-1,599278E+0
5,984375E+2	5,224071E-1	5,984375E+2	-1,570118E+0
6,000000E+2	5,168895E-1	6,000000E+2	-1,558908E+0
6,015625E+2	5,115136E-1	6,015625E+2	-1,548127E+0
6,031250E+2	5,073940E-1	6,031250E+2	-1,539076E+0
6,046875E+2	5,032064E-1	6,046875E+2	-1,529950E+0
6,062500E+2	4,960100E-1	6,062500E+2	-1,512095E+0
6,078125E+2	4,888183E-1	6,078125E+2	-1,494400E+0
6,093750E+2	4,775278E-1	6,093750E+2	-1,466099E+0
6,109375E+2	4,670684E-1	6,109375E+2	-1,439894E+0
6,125000E+2	4,655605E-1	6,125000E+2	-1,434242E+0
6,140625E+2	4,639976E-1	6,140625E+2	-1,428508E+0
6,156250E+2	4,602668E-1	6,156250E+2	-1,415560E+0
6,171875E+2	4,566583E-1	6,171875E+2	-1,403091E+0
6,187500E+2	4,539783E-1	6,187500E+2	-1,390951E+0
6,203125E+2	4,513985E-1	6,203125E+2	-1,379379E+0
6,218750E+2	4,498518E-1	6,218750E+2	-1,370768E+0
6,234375E+2	4,483243E-1	6,234375E+2	-1,362303E+0
6,250000E+2	4,462626E-1	6,250000E+2	-1,349419E+0
6,265625E+2	4,442866E-1	6,265625E+2	-1,337113E+0
6,281250E+2	4,435833E-1	6,281250E+2	-1,326580E+0
6,296875E+2	4,428889E-1	6,296875E+2	-1,316452E+0
6,312500E+2	4,422060E-1	6,312500E+2	-1,306249E+0
6,328125E+2	4,415305E-1	6,328125E+2	-1,296464E+0
6,343750E+2	4,409576E-1	6,343750E+2	-1,286631E+0
6,359375E+2	4,404162E-1	6,359375E+2	-1,277220E+0
6,375000E+2	4,405702E-1	6,375000E+2	-1,267854E+0
6,390625E+2	4,407059E-1	6,390625E+2	-1,258868E+0
6,406250E+2	4,408871E-1	6,406250E+2	-1,249231E+0
6,421875E+2	4,410642E-1	6,421875E+2	-1,240032E+0
6,437500E+2	4,418677E-1	6,437500E+2	-1,231060E+0
6,453125E+2	4,426346E-1	6,453125E+2	-1,222481E+0
6,468750E+2	4,436558E-1	6,468750E+2	-1,213590E+0
6,484375E+2	4,446367E-1	6,484375E+2	-1,205131E+0
6,500000E+2	4,460982E-1	6,500000E+2	-1,197219E+0
6,515625E+2	4,474963E-1	6,515625E+2	-1,189650E+0
6,531250E+2	4,489481E-1	6,531250E+2	-1,181319E+0
6,546875E+2	4,503514E-1	6,546875E+2	-1,173421E+0
6,562500E+2	4,524731E-1	6,562500E+2	-1,166353E+0
6,578125E+2	4,545202E-1	6,578125E+2	-1,159605E+0
6,593750E+2	4,567714E-1	6,593750E+2	-1,152211E+0
6,609375E+2	4,589399E-1	6,609375E+2	-1,145198E+0
6,625000E+2	4,615053E-1	6,625000E+2	-1,138686E+0
6,640625E+2	4,639861E-1	6,640625E+2	-1,132485E+0
6,656250E+2	4,667537E-1	6,656250E+2	-1,125859E+0
6,671875E+2	4,694223E-1	6,671875E+2	-1,119575E+0
6,687500E+2	4,723156E-1	6,687500E+2	-1,113469E+0
6,703125E+2	4,751171E-1	6,703125E+2	-1,107697E+0
6,718750E+2	4,782794E-1	6,718750E+2	-1,102338E+0
6,734375E+2	4,813442E-1	6,734375E+2	-1,097248E+0
6,750000E+2	4,845007E-1	6,750000E+2	-1,091664E+0
6,765625E+2	4,875676E-1	6,765625E+2	-1,086428E+0
6,781250E+2	4,910694E-1	6,781250E+2	-1,082308E+0
6,796875E+2	4,944857E-1	6,796875E+2	-1,078425E+0
6,812500E+2	4,979122E-1	6,812500E+2	-1,074246E+0
6,828125E+2	5,012600E-1	6,828125E+2	-1,070322E+0
6,843750E+2	5,047451E-1	6,843750E+2	-1,066392E+0
6,859375E+2	5,081479E-1	6,859375E+2	-1,062722E+0
6,875000E+2	5,114789E-1	6,875000E+2	-1,059273E+0
6,890625E+2	5,147412E-1	6,890625E+2	-1,056091E+0
6,906250E+2	5,179204E-1	6,906250E+2	-1,053444E+0
6,921875E+2	5,210642E-1	6,921875E+2	-1,051046E+0
6,937500E+2	5,243111E-1	6,937500E+2	-1,049007E+0
6,953125E+2	5,275199E-1	6,953125E+2	-1,047168E+0
6,968750E+2	5,304408E-1	6,968750E+2	-1,044858E+0
6,984375E+2	5,333316E-1	6,984375E+2	-1,042809E+0
7,000000E+2	5,360874E-1	7,000000E+2	-1,041215E+0
7,015625E+2	5,388182E-1	7,015625E+2	-1,039854E+0
7,031250E+2	5,409922E-1	7,031250E+2	-1,038466E+0
7,046875E+2	5,431774E-1	7,046875E+2	-1,037339E+0
7,062500E+2	5,452915E-1	7,062500E+2	-1,036426E+0
7,078125E+2	5,474057E-1	7,078125E+2	-1,035759E+0
7,093750E+2	5,489053E-1	7,093750E+2	-1,035080E+0
7,109375E+2	5,504281E-1	7,109375E+2	-1,034658E+0
7,125000E+2	5,515217E-1	7,125000E+2	-1,034096E+0
7,140625E+2	5,526518E-1	7,140625E+2	-1,033814E+0
7,156250E+2	5,533612E-1	7,156250E+2	-1,033619E+0
7,171875E+2	5,541131E-1	7,171875E+2	-1,033679E+0
7,187500E+2	5,543402E-1	7,187500E+2	-1,033121E+0
7,203125E+2	5,546221E-1	7,203125E+2	-1,032878E+0
7,218750E+2	5,545403E-1	7,218750E+2	-1,032844E+0
7,234375E+2	5,545093E-1	7,234375E+2	-1,033072E+0
7,250000E+2	5,538024E-1	7,250000E+2	-1,032288E+0
7,265625E+2	5,531731E-1	7,265625E+2	-1,031858E+0
7,281250E+2	5,523865E-1	7,281250E+2	-1,031617E+0
7,296875E+2	5,516702E-1	7,296875E+2	-1,031666E+0
7,312500E+2	5,505617E-1	7,312500E+2	-1,030721E+0
7,328125E+2	5,495016E-1	7,328125E+2	-1,030118E+0
7,343750E+2	5,475845E-1	7,343750E+2	-1,028900E+0
7,359375E+2	5,457896E-1	7,359375E+2	-1,028075E+0
7,375000E+2	5,444103E-1	7,375000E+2	-1,027204E+0
7,390625E+2	5,430928E-1	7,390625E+2	-1,026665E+0
7,406250E+2	5,412972E-1	7,406250E+2	-1,024994E+0
7,421875E+2	5,395746E-1	7,421875E+2	-1,023712E+0
7,437500E+2	5,375370E-1	7,437500E+2	-1,021646E+0
7,453125E+2	5,356007E-1	7,453125E+2	-1,020025E+0
7,468750E+2	5,340697E-1	7,468750E+2	-1,018297E+0
7,484375E+2	5,325995E-1	7,484375E+2	-1,016964E+0
7,500000E+2	5,310159E-1	7,500000E+2	-1,014765E+0
7,515625E+2	5,294795E-1	7,515625E+2	-1,012997E+0
7,531250E+2	5,277412E-1	7,531250E+2	-1,010548E+0
7,546875E+2	5,260758E-1	7,546875E+2	-1,008553E+0
7,562500E+2	5,248526E-1	7,562500E+2	-1,005914E+0
7,578125E+2	5,236567E-1	7,578125E+2	-1,003748E+0
7,593750E+2	5,225768E-1	7,593750E+2	-1,001183E+0
7,609375E+2	5,215067E-1	7,609375E+2	-9,990704E-1
7,625000E+2	5,203712E-1	7,625000E+2	-9,960761E-1
7,640625E+2	5,192583E-1	7,640625E+2	-9,935940E-1
7,656250E+2	5,186779E-1	7,656250E+2	-9,908467E-1
7,671875E+2	5,180806E-1	7,671875E+2	-9,885917E-1
7,687500E+2	5,177055E-1	7,687500E+2	-9,860405E-1
7,703125E+2	5,172915E-1	7,703125E+2	-9,839498E-1
7,718750E+2	5,168370E-1	7,718750E+2	-9,809727E-1
7,734375E+2	5,163520E-1	7,734375E+2	-9,785252E-1
7,750000E+2	5,164205E-1	7,750000E+2	-9,760043E-1
7,765625E+2	5,164193E-1	7,765625E+2	-9,739651E-1
7,781250E+2	5,165399E-1	7,781250E+2	-9,714477E-1
7,796875E+2	5,166007E-1	7,796875E+2	-9,694234E-1
7,812500E+2	5,172474E-1	7,812500E+2	-9,670417E-1
7,828125E+2	5,177751E-1	7,828125E+2	-9,651321E-1
7,843750E+2	5,180900E-1	7,843750E+2	-9,627330E-1
7,859375E+2	5,183146E-1	7,859375E+2	-9,608612E-1
7,875000E+2	5,189749E-1	7,875000E+2	-9,593239E-1
7,890625E+2	5,195281E-1	7,890625E+2	-9,582235E-1
7,906250E+2	5,200144E-1	7,906250E+2	-9,564732E-1
7,921875E+2	5,203918E-1	7,921875E+2	-9,552109E-1
7,937500E+2	5,208888E-1	7,937500E+2	-9,538834E-1
7,953125E+2	5,212832E-1	7,953125E+2	-9,530236E-1
7,968750E+2	5,218156E-1	7,968750E+2	-9,519187E-1
7,984375E+2	5,222321E-1	7,984375E+2	-9,512695E-1
8,000000E+2	5,224853E-1	8,000000E+2	-9,502211E-1
8,015625E+2	5,226425E-1	8,015625E+2	-9,496776E-1
8,031250E+2	5,230264E-1	8,031250E+2	-9,494365E-1
8,046875E+2	5,233105E-1	8,046875E+2	-9,496204E-1
8,062500E+2	5,232888E-1	8,062500E+2	-9,491076E-1
8,078125E+2	5,231631E-1	8,078125E+2	-9,490736E-1
8,093750E+2	5,227008E-1	8,093750E+2	-9,486409E-1
8,109375E+2	5,221678E-1	8,109375E+2	-9,487299E-1
8,125000E+2	5,217736E-1	8,125000E+2	-9,488599E-1
8,140625E+2	5,212986E-1	8,140625E+2	-9,494550E-1
8,156250E+2	5,204572E-1	8,156250E+2	-9,492578E-1
8,171875E+2	5,195440E-1	8,171875E+2	-9,496140E-1
8,187500E+2	5,185900E-1	8,187500E+2	-9,500213E-1
8,203125E+2	5,175641E-1	8,203125E+2	-9,509096E-1
8,218750E+2	5,159782E-1	8,218750E+2	-9,505393E-1
8,234375E+2	5,143292E-1	8,234375E+2	-9,507887E-1
8,250000E+2	5,127575E-1	8,250000E+2	-9,508862E-1
8,265625E+2	5,111113E-1	8,265625E+2	-9,515713E-1
8,281250E+2	5,091530E-1	8,281250E+2	-9,516347E-1
8,296875E+2	5,071357E-1	8,296875E+2	-9,523016E-1
8,312500E+2	5,050961E-1	8,312500E+2	-9,517596E-1
8,328125E+2	5,029414E-1	8,328125E+2	-9,519201E-1
8,343750E+2	5,007156E-1	8,343750E+2	-9,517096E-1
8,359375E+2	4,983622E-1	8,359375E+2	-9,521635E-1
8,375000E+2	4,955720E-1	8,375000E+2	-9,511135E-1
8,390625E+2	4,925995E-1	8,390625E+2	-9,508332E-1
8,406250E+2	4,891744E-1	8,406250E+2	-9,489453E-1
8,421875E+2	4,855508E-1	8,421875E+2	-9,480005E-1
8,437500E+2	4,826362E-1	8,437500E+2	-9,463838E-1
8,453125E+2	4,794314E-1	8,453125E+2	-9,456287E-1
8,468750E+2	4,762432E-1	8,468750E+2	-9,434348E-1
8,484375E+2	4,727102E-1	8,484375E+2	-9,422191E-1
8,500000E+2	4,701401E-1	8,500000E+2	-9,403998E-1
8,515625E+2	4,671381E-1	8,515625E+2	-9,394661E-1
8,531250E+2	4,646509E-1	8,531250E+2	-9,377333E-1
8,546875E+2	4,616782E-1	8,546875E+2	-9,368405E-1
8,562500E+2	4,593846E-1	8,562500E+2	-9,344972E-1
8,578125E+2	4,564539E-1	8,578125E+2	-9,330104E-1
8,593750E+2	4,541029E-1	8,593750E+2	-9,304840E-1
8,609375E+2	4,510414E-1	8,609375E+2	-9,287948E-1
8,625000E+2	4,490169E-1	8,625000E+2	-9,260009E-1
8,640625E+2	4,461584E-1	8,640625E+2	-9,239724E-1
8,656250E+2	4,442196E-1	8,656250E+2	-9,208862E-1
8,671875E+2	4,413527E-1	8,671875E+2	-9,185060E-1
8,687500E+2	4,397016E-1	8,687500E+2	-9,151514E-1
8,703125E+2	4,370088E-1	8,703125E+2	-9,123940E-1
8,718750E+2	4,352021E-1	8,718750E+2	-9,087527E-1
8,734375E+2	4,323129E-1	8,734375E+2	-9,056818E-1
8,750000E+2	4,312924E-1	8,750000E+2	-9,026340E-1
8,765625E+2	4,292204E-1	8,765625E+2	-8,999048E-1
8,781250E+2	4,281121E-1	8,781250E+2	-8,961138E-1
8,796875E+2	4,258854E-1	8,796875E+2	-8,926655E-1
8,812500E+2	4,257418E-1	8,812500E+2	-8,909390E-1
8,828125E+2	4,247233E-1	8,828125E+2	-8,892187E-1
8,843750E+2	4,238747E-1	8,843750E+2	-8,848458E-1
8,859375E+2	4,218580E-1	8,859375E+2	-8,805407E-1
8,875000E+2	4,213231E-1	8,875000E+2	-8,767979E-1
8,890625E+2	4,197578E-1	8,890625E+2	-8,730413E-1
8,906250E+2	4,195634E-1	8,906250E+2	-8,701448E-1
8,921875E+2	4,185027E-1	8,921875E+2	-8,671531E-1
8,937500E+2	4,188348E-1	8,937500E+2	-8,642928E-1
8,953125E+2	4,183652E-1	8,953125E+2	-8,612415E-1
8,968750E+2	4,188518E-1	8,968750E+2	-8,584699E-1
8,984375E+2	4,185892E-1	8,984375E+2	-8,554773E-1
9,000000E+2	4,189562E-1	9,000000E+2	-8,527898E-1
9,015625E+2	4,186359E-1	9,015625E+2	-8,498774E-1
9,031250E+2	4,193719E-1	9,031250E+2	-8,473858E-1
9,046875E+2	4,194850E-1	9,046875E+2	-8,446435E-1
9,062500E+2	4,202031E-1	9,062500E+2	-8,424569E-1
9,078125E+2	4,203608E-1	9,078125E+2	-8,400230E-1
9,093750E+2	4,212023E-1	9,093750E+2	-8,379604E-1
9,109375E+2	4,215333E-1	9,109375E+2	-8,356423E-1
9,125000E+2	4,225300E-1	9,125000E+2	-8,335834E-1
9,140625E+2	4,230467E-1	9,140625E+2	-8,312869E-1
9,156250E+2	4,239922E-1	9,156250E+2	-8,300561E-1
9,171875E+2	4,245267E-1	9,171875E+2	-8,286113E-1
9,187500E+2	4,254767E-1	9,187500E+2	-8,275126E-1
9,203125E+2	4,260422E-1	9,203125E+2	-8,261994E-1
9,218750E+2	4,269014E-1	9,218750E+2	-8,250465E-1
9,234375E+2	4,273911E-1	9,234375E+2	-8,237064E-1
9,250000E+2	4,281980E-1	9,250000E+2	-8,231168E-1
9,265625E+2	4,286738E-1	9,265625E+2	-8,223553E-1
9,281250E+2	4,294099E-1	9,281250E+2	-8,219108E-1
9,296875E+2	4,298202E-1	9,296875E+2	-8,213098E-1
9,312500E+2	4,301650E-1	9,312500E+2	-8,210969E-1
9,328125E+2	4,302123E-1	9,328125E+2	-8,207734E-1
9,343750E+2	4,308099E-1	9,343750E+2	-8,212518E-1
9,359375E+2	4,311247E-1	9,359375E+2	-8,216072E-1
9,375000E+2	4,311037E-1	9,375000E+2	-8,219593E-1
9,390625E+2	4,307958E-1	9,390625E+2	-8,222122E-1
9,406250E+2	4,305663E-1	9,406250E+2	-8,226076E-1
9,421875E+2	4,300559E-1	9,421875E+2	-8,229294E-1
9,437500E+2	4,297301E-1	9,437500E+2	-8,238069E-1
9,453125E+2	4,291465E-1	9,453125E+2	-8,246175E-1
9,468750E+2	4,287534E-1	9,468750E+2	-8,256954E-1
9,484375E+2	4,275491E-1	9,484375E+2	-8,260063E-1
9,500000E+2	4,120378E-1	9,500000E+2	-8,094737E-1
9,515625E+2	3,951215E-1	9,515625E+2	-7,934863E-1
9,531250E+2	3,933141E-1	9,531250E+2	-7,944943E-1
9,546875E+2	3,912266E-1	9,546875E+2	-7,954277E-1
9,562500E+2	3,887030E-1	9,562500E+2	-7,956522E-1
9,578125E+2	3,858975E-1	9,578125E+2	-7,958421E-1
9,593750E+2	3,836186E-1	9,593750E+2	-7,964825E-1
9,609375E+2	3,809979E-1	9,609375E+2	-7,969687E-1
9,625000E+2	3,766048E-1	9,625000E+2	-7,949702E-1
9,640625E+2	3,718969E-1	9,640625E+2	-7,930046E-1
9,656250E+2	3,697164E-1	9,656250E+2	-7,940371E-1
9,671875E+2	3,672589E-1	9,671875E+2	-7,949446E-1
9,687500E+2	3,637738E-1	9,687500E+2	-7,939970E-1
9,703125E+2	3,599663E-1	9,703125E+2	-7,929423E-1
9,718750E+2	3,561328E-1	9,718750E+2	-7,913478E-1
9,734375E+2	3,520291E-1	9,734375E+2	-7,897255E-1
9,750000E+2	3,495794E-1	9,750000E+2	-7,899607E-1
9,765625E+2	3,467501E-1	9,765625E+2	-7,898783E-1
9,781250E+2	3,402421E-1	9,781250E+2	-7,839106E-1
9,796875E+2	3,334915E-1	9,796875E+2	-7,781169E-1
9,812500E+2	3,334777E-1	9,812500E+2	-7,814072E-1
9,828125E+2	3,331110E-1	9,828125E+2	-7,842424E-1
9,843750E+2	3,261368E-1	9,843750E+2	-7,767350E-1
9,859375E+2	3,189150E-1	9,859375E+2	-7,693853E-1
9,875000E+2	3,184737E-1	9,875000E+2	-7,718225E-1
9,890625E+2	3,178006E-1	9,890625E+2	-7,739813E-1
9,906250E+2	3,138596E-1	9,906250E+2	-7,704815E-1
9,921875E+2	3,096780E-1	9,921875E+2	-7,668694E-1
9,937500E+2	3,067353E-1	9,937500E+2	-7,644847E-1
9,953125E+2	3,035729E-1	9,953125E+2	-7,619515E-1
9,968750E+2	3,006196E-1	9,968750E+2	-7,592637E-1
9,984375E+2	2,974472E-1	9,984375E+2	-7,564027E-1
1,000000E+3	2,943549E-1	1,000000E+3	-7,528958E-1
1,001562E+3	2,910828E-1	1,001562E+3	-7,492982E-1
1,003125E+3	2,889495E-1	1,003125E+3	-7,474781E-1
1,004687E+3	2,866020E-1	1,004687E+3	-7,453994E-1
1,006250E+3	2,830928E-1	1,006250E+3	-7,400750E-1
1,007812E+3	2,794320E-1	1,007812E+3	-7,347199E-1
1,009375E+3	2,779108E-1	1,009375E+3	-7,333859E-1
1,010937E+3	2,762206E-1	1,010937E+3	-7,318291E-1
1,012500E+3	2,735854E-1	1,012500E+3	-7,275727E-1
1,014062E+3	2,708104E-1	1,014062E+3	-7,232222E-1
1,015625E+3	2,690804E-1	1,015625E+3	-7,205812E-1
1,017187E+3	2,672088E-1	1,017187E+3	-7,177648E-1
1,018750E+3	2,651874E-1	1,018750E+3	-7,138570E-1
1,020312E+3	2,630370E-1	1,020312E+3	-7,098326E-1
1,021875E+3	2,613413E-1	1,021875E+3	-7,065940E-1
1,023437E+3	2,595282E-1	1,023437E+3	-7,032202E-1
1,025000E+3	2,579627E-1	1,025000E+3	-6,997751E-1
1,026562E+3	2,562804E-1	1,026562E+3	-6,961879E-1
1,028125E+3	2,547422E-1	1,028125E+3	-6,923021E-1
1,029687E+3	2,531040E-1	1,029687E+3	-6,883133E-1
1,031250E+3	2,518857E-1	1,031250E+3	-6,850622E-1
1,032812E+3	2,505727E-1	1,032812E+3	-6,816885E-1
1,034375E+3	2,493986E-1	1,034375E+3	-6,781964E-1
1,035937E+3	2,481337E-1	1,035937E+3	-6,745853E-1
1,037500E+3	2,470694E-1	1,037500E+3	-6,708795E-1
1,039062E+3	2,459215E-1	1,039062E+3	-6,670756E-1
1,040625E+3	2,450385E-1	1,040625E+3	-6,636496E-1
1,042187E+3	2,440759E-1	1,042187E+3	-6,601085E-1
1,043750E+3	2,432565E-1	1,043750E+3	-6,563055E-1
1,045312E+3	2,423654E-1	1,045312E+3	-6,524138E-1
1,046875E+3	2,417360E-1	1,046875E+3	-6,489053E-1
1,048437E+3	2,410366E-1	1,048437E+3	-6,453099E-1
1,050000E+3	2,404974E-1	1,050000E+3	-6,419284E-1
1,051562E+3	2,398917E-1	1,051562E+3	-6,384467E-1
1,053125E+3	2,393903E-1	1,053125E+3	-6,346753E-1
1,054687E+3	2,388243E-1	1,054687E+3	-6,308047E-1
1,056250E+3	2,384007E-1	1,056250E+3	-6,266613E-1
1,057812E+3	2,379186E-1	1,057812E+3	-6,224732E-1
1,059375E+3	2,377098E-1	1,059375E+3	-6,193004E-1
1,060937E+3	2,374612E-1	1,060937E+3	-6,161328E-1
1,062500E+3	2,376736E-1	1,062500E+3	-6,148294E-1
1,064062E+3	2,378383E-1	1,064062E+3	-6,134257E-1
1,065625E+3	2,378719E-1	1,065625E+3	-6,108490E-1
1,067187E+3	2,378538E-1	1,067187E+3	-6,081715E-1
1,068750E+3	2,378008E-1	1,068750E+3	-6,044791E-1
1,070312E+3	2,377001E-1	1,070312E+3	-6,007608E-1
1,071875E+3	2,377834E-1	1,071875E+3	-5,979154E-1
1,073437E+3	2,378139E-1	1,073437E+3	-5,949578E-1
1,075000E+3	2,377521E-1	1,075000E+3	-5,905503E-1
1,076562E+3	2,376448E-1	1,076562E+3	-5,861261E-1
1,078125E+3	2,378158E-1	1,078125E+3	-5,826722E-1
1,079687E+3	2,379469E-1	1,079687E+3	-5,792357E-1
1,081250E+3	2,383150E-1	1,081250E+3	-5,773784E-1
1,082812E+3	2,386476E-1	1,082812E+3	-5,754762E-1
1,084375E+3	2,390410E-1	1,084375E+3	-5,733587E-1
1,085937E+3	2,393963E-1	1,085937E+3	-5,712125E-1
1,087500E+3	2,397390E-1	1,087500E+3	-5,691894E-1
1,089062E+3	2,400516E-1	1,089062E+3	-5,671662E-1
1,090625E+3	2,405473E-1	1,090625E+3	-5,658569E-1
1,092187E+3	2,410125E-1	1,092187E+3	-5,645224E-1
1,093750E+3	2,415141E-1	1,093750E+3	-5,631718E-1
1,095312E+3	2,419284E-1	1,095312E+3	-5,612373E-1
1,096875E+3	2,409589E-1	1,096875E+3	-5,458409E-1
1,098437E+3	2,399148E-1	1,098437E+3	-5,307939E-1
1,100000E+3	2,396890E-1	1,100000E+3	-5,233080E-1
1,101562E+3	2,394540E-1	1,101562E+3	-5,163413E-1
1,103125E+3	2,406042E-1	1,103125E+3	-5,219937E-1
1,104687E+3	2,417732E-1	1,104687E+3	-5,276682E-1
1,106250E+3	2,429458E-1	1,106250E+3	-5,332489E-1
1,107812E+3	2,441357E-1	1,107812E+3	-5,388482E-1
1,109375E+3	2,453032E-1	1,109375E+3	-5,442736E-1
1,110937E+3	2,464846E-1	1,110937E+3	-5,497005E-1
1,112500E+3	2,475892E-1	1,112500E+3	-5,545586E-1
1,114062E+3	2,485780E-1	1,114062E+3	-5,582736E-1
1,115625E+3	2,464077E-1	1,115625E+3	-5,341937E-1
1,117187E+3	2,442307E-1	1,117187E+3	-5,114493E-1
1,118750E+3	2,449165E-1	1,118750E+3	-5,134004E-1
1,120312E+3	2,455772E-1	1,120312E+3	-5,151787E-1
1,121875E+3	2,457747E-1	1,121875E+3	-5,126295E-1
1,123437E+3	2,459349E-1	1,123437E+3	-5,100447E-1
1,125000E+3	2,460059E-1	1,125000E+3	-5,064377E-1
1,126562E+3	2,460452E-1	1,126562E+3	-5,029201E-1
1,128125E+3	2,462838E-1	1,128125E+3	-5,011624E-1
1,129687E+3	2,464935E-1	1,129687E+3	-4,994093E-1
1,131250E+3	2,466982E-1	1,131250E+3	-4,974732E-1
1,132812E+3	2,468749E-1	1,132812E+3	-4,955396E-1
1,134375E+3	2,470958E-1	1,134375E+3	-4,932889E-1
1,135937E+3	2,472837E-1	1,135937E+3	-4,910388E-1
1,137500E+3	2,474217E-1	1,137500E+3	-4,883365E-1
1,139062E+3	2,475301E-1	1,139062E+3	-4,856741E-1
1,140625E+3	2,477361E-1	1,140625E+3	-4,833352E-1
1,142187E+3	2,479116E-1	1,142187E+3	-4,810187E-1
1,143750E+3	2,481120E-1	1,143750E+3	-4,786018E-1
1,145312E+3	2,482834E-1	1,145312E+3	-4,762075E-1
1,146875E+3	2,485349E-1	1,146875E+3	-4,736246E-1
1,148437E+3	2,487552E-1	1,148437E+3	-4,710773E-1
1,150000E+3	2,490289E-1	1,150000E+3	-4,685771E-1
1,151562E+3	2,492725E-1	1,151562E+3	-4,661116E-1
1,153125E+3	2,495875E-1	1,153125E+3	-4,636050E-1
1,154687E+3	2,498731E-1	1,154687E+3	-4,611338E-1
1,156250E+3	2,502757E-1	1,156250E+3	-4,585680E-1
1,157812E+3	2,506459E-1	1,157812E+3	-4,560446E-1
1,159375E+3	2,510738E-1	1,159375E+3	-4,535142E-1
1,160937E+3	2,514711E-1	1,160937E+3	-4,510298E-1
1,162500E+3	2,519902E-1	1,162500E+3	-4,485683E-1
1,164062E+3	2,524777E-1	1,164062E+3	-4,461485E-1
1,165625E+3	2,530785E-1	1,165625E+3	-4,435989E-1
1,167187E+3	2,536450E-1	1,167187E+3	-4,410927E-1
1,168750E+3	2,543012E-1	1,168750E+3	-4,384275E-1
1,170312E+3	2,549220E-1	1,170312E+3	-4,358277E-1
1,171875E+3	2,556637E-1	1,171875E+3	-4,335039E-1
1,173437E+3	2,563690E-1	1,173437E+3	-4,312182E-1
1,175000E+3	2,571391E-1	1,175000E+3	-4,286018E-1
1,176562E+3	2,578747E-1	1,176562E+3	-4,260511E-1
1,178125E+3	2,588217E-1	1,178125E+3	-4,236685E-1
1,179687E+3	2,597289E-1	1,179687E+3	-4,213355E-1
1,181250E+3	2,607283E-1	1,181250E+3	-4,188348E-1
1,182812E+3	2,616854E-1	1,182812E+3	-4,164063E-1
1,184375E+3	2,627403E-1	1,184375E+3	-4,142525E-1
1,185937E+3	2,637563E-1	1,185937E+3	-4,121499E-1
1,187500E+3	2,649185E-1	1,187500E+3	-4,098710E-1
1,189062E+3	2,660390E-1	1,189062E+3	-4,076518E-1
1,190625E+3	2,673293E-1	1,190625E+3	-4,054040E-1
1,192187E+3	2,685716E-1	1,192187E+3	-4,032156E-1
1,193750E+3	2,698775E-1	1,193750E+3	-4,009630E-1
1,195312E+3	2,711363E-1	1,195312E+3	-3,987775E-1
1,196875E+3	2,725411E-1	1,196875E+3	-3,966563E-1
1,198437E+3	2,738980E-1	1,198437E+3	-3,945975E-1
1,200000E+3	2,754078E-1	1,200000E+3	-3,924983E-1
1,201562E+3	2,768647E-1	1,201562E+3	-3,904778E-1
1,203125E+3	2,784057E-1	1,203125E+3	-3,887925E-1
1,204687E+3	2,798993E-1	1,204687E+3	-3,871500E-1
1,206250E+3	2,815494E-1	1,206250E+3	-3,850934E-1
1,207812E+3	2,831429E-1	1,207812E+3	-3,831116E-1
1,209375E+3	2,848584E-1	1,209375E+3	-3,813153E-1
1,210937E+3	2,865190E-1	1,210937E+3	-3,795825E-1
1,212500E+3	2,883012E-1	1,212500E+3	-3,778502E-1
1,214062E+3	2,900244E-1	1,214062E+3	-3,761972E-1
1,215625E+3	2,918422E-1	1,215625E+3	-3,749282E-1
1,217187E+3	2,936114E-1	1,217187E+3	-3,736854E-1
1,218750E+3	2,955949E-1	1,218750E+3	-3,716980E-1
1,220312E+3	2,975103E-1	1,220312E+3	-3,697741E-1
1,221875E+3	2,995338E-1	1,221875E+3	-3,677175E-1
1,223437E+3	3,014912E-1	1,223437E+3	-3,657141E-1
1,225000E+3	3,037053E-1	1,225000E+3	-3,632923E-1
1,226562E+3	3,058441E-1	1,226562E+3	-3,608404E-1
1,228125E+3	3,082654E-1	1,228125E+3	-3,558495E-1
1,229687E+3	3,105336E-1	1,229687E+3	-3,511594E-1
1,231250E+3	3,126327E-1	1,231250E+3	-3,503784E-1
1,232812E+3	3,146674E-1	1,232812E+3	-3,496694E-1
1,234375E+3	3,166848E-1	1,234375E+3	-3,494158E-1
1,235937E+3	3,186526E-1	1,235937E+3	-3,492028E-1
1,237500E+3	3,207562E-1	1,237500E+3	-3,488395E-1
1,239062E+3	3,228014E-1	1,239062E+3	-3,485316E-1
1,240625E+3	3,248735E-1	1,240625E+3	-3,484040E-1
1,242187E+3	3,268924E-1	1,242187E+3	-3,483198E-1
1,243750E+3	3,289722E-1	1,243750E+3	-3,481633E-1
1,245312E+3	3,309949E-1	1,245312E+3	-3,480572E-1
1,246875E+3	3,330338E-1	1,246875E+3	-3,480283E-1
1,248437E+3	3,350149E-1	1,248437E+3	-3,480553E-1
1,250000E+3	3,369555E-1	1,250000E+3	-3,482995E-1
1,251562E+3	3,388462E-1	1,251562E+3	-3,485897E-1
1,253125E+3	3,407548E-1	1,253125E+3	-3,489042E-1
1,254687E+3	3,426089E-1	1,254687E+3	-3,492717E-1
1,256250E+3	3,443608E-1	1,256250E+3	-3,498184E-1
1,257812E+3	3,460658E-1	1,257812E+3	-3,504135E-1
1,259375E+3	3,477149E-1	1,259375E+3	-3,510792E-1
1,260937E+3	3,493152E-1	1,260937E+3	-3,517952E-1
1,262500E+3	3,507470E-1	1,262500E+3	-3,526019E-1
1,264062E+3	3,521348E-1	1,264062E+3	-3,534594E-1
1,265625E+3	3,533586E-1	1,265625E+3	-3,543598E-1
1,267187E+3	3,545422E-1	1,267187E+3	-3,553107E-1
1,268750E+3	3,555513E-1	1,268750E+3	-3,562324E-1
1,270312E+3	3,565193E-1	1,270312E+3	-3,572151E-1
1,271875E+3	3,572167E-1	1,271875E+3	-3,583193E-1
1,273437E+3	3,578807E-1	1,273437E+3	-3,594796E-1
1,275000E+3	3,583002E-1	1,275000E+3	-3,605775E-1
1,276562E+3	3,586857E-1	1,276562E+3	-3,617319E-1
1,278125E+3	3,587135E-1	1,278125E+3	-3,627060E-1
1,279687E+3	3,587147E-1	1,279687E+3	-3,637499E-1
1,281250E+3	3,584392E-1	1,281250E+3	-3,647405E-1
1,282812E+3	3,581408E-1	1,282812E+3	-3,658022E-1
1,284375E+3	3,575214E-1	1,284375E+3	-3,667230E-1
1,285937E+3	3,568877E-1	1,285937E+3	-3,677122E-1
1,287500E+3	3,560111E-1	1,287500E+3	-3,683363E-1
1,289062E+3	3,551298E-1	1,289062E+3	-3,690438E-1
1,290625E+3	3,541767E-1	1,290625E+3	-3,694976E-1
1,292187E+3	3,532177E-1	1,292187E+3	-3,700440E-1
1,293750E+3	3,521629E-1	1,293750E+3	-3,704013E-1
1,295312E+3	3,511157E-1	1,295312E+3	-3,708562E-1
1,296875E+3	3,502588E-1	1,296875E+3	-3,711121E-1
1,298437E+3	3,494035E-1	1,298437E+3	-3,714726E-1
1,300000E+3	3,487303E-1	1,300000E+3	-3,717350E-1
1,301562E+3	3,480560E-1	1,301562E+3	-3,721157E-1
1,303125E+3	3,476169E-1	1,303125E+3	-3,727219E-1
1,304687E+3	3,471612E-1	1,304687E+3	-3,734193E-1
1,306250E+3	3,465991E-1	1,306250E+3	-3,739092E-1
1,307812E+3	3,460108E-1	1,307812E+3	-3,744988E-1
1,309375E+3	3,450656E-1	1,309375E+3	-3,749349E-1
1,310937E+3	3,440930E-1	1,310937E+3	-3,754699E-1
1,312500E+3	3,425307E-1	1,312500E+3	-3,756311E-1
1,314062E+3	3,409647E-1	1,314062E+3	-3,759237E-1
1,315625E+3	3,390481E-1	1,315625E+3	-3,762226E-1
1,317187E+3	3,371425E-1	1,317187E+3	-3,766327E-1
1,318750E+3	3,349560E-1	1,318750E+3	-3,765192E-1
1,320312E+3	3,327921E-1	1,320312E+3	-3,765397E-1
1,321875E+3	3,304741E-1	1,321875E+3	-3,761396E-1
1,323437E+3	3,281922E-1	1,323437E+3	-3,759095E-1
1,325000E+3	3,260117E-1	1,325000E+3	-3,757570E-1
1,326562E+3	3,238529E-1	1,326562E+3	-3,757252E-1
1,328125E+3	3,215093E-1	1,328125E+3	-3,747435E-1
1,329687E+3	3,191901E-1	1,329687E+3	-3,739290E-1
1,331250E+3	3,167559E-1	1,331250E+3	-3,723876E-1
1,332812E+3	3,143718E-1	1,332812E+3	-3,711068E-1
1,334375E+3	3,125374E-1	1,334375E+3	-3,705861E-1
1,335937E+3	3,107079E-1	1,335937E+3	-3,702111E-1
1,337500E+3	3,086413E-1	1,337500E+3	-3,689242E-1
1,339062E+3	3,065976E-1	1,339062E+3	-3,678642E-1
1,340625E+3	3,047795E-1	1,340625E+3	-3,668234E-1
1,342187E+3	3,029716E-1	1,342187E+3	-3,659900E-1
1,343750E+3	3,012701E-1	1,343750E+3	-3,649075E-1
1,345312E+3	2,995676E-1	1,345312E+3	-3,640266E-1
1,346875E+3	2,978803E-1	1,346875E+3	-3,626144E-1
1,348437E+3	2,961878E-1	1,348437E+3	-3,614312E-1
1,350000E+3	2,945812E-1	1,350000E+3	-3,598492E-1
1,351562E+3	2,929618E-1	1,351562E+3	-3,585104E-1
1,353125E+3	2,914744E-1	1,353125E+3	-3,567616E-1
1,354687E+3	2,899663E-1	1,354687E+3	-3,552906E-1
1,356250E+3	2,886770E-1	1,356250E+3	-3,538840E-1
1,357812E+3	2,873592E-1	1,357812E+3	-3,527319E-1
1,359375E+3	2,862414E-1	1,359375E+3	-3,514230E-1
1,360937E+3	2,850801E-1	1,360937E+3	-3,503554E-1
1,362500E+3	2,839887E-1	1,362500E+3	-3,488687E-1
1,364062E+3	2,828503E-1	1,364062E+3	-3,476373E-1
1,365625E+3	2,819556E-1	1,365625E+3	-3,459188E-1
1,367187E+3	2,809705E-1	1,367187E+3	-3,444330E-1
1,368750E+3	2,795835E-1	1,368750E+3	-3,416562E-1
1,370312E+3	2,781083E-1	1,370312E+3	-3,391869E-1
1,371875E+3	2,768942E-1	1,371875E+3	-3,349591E-1
1,373437E+3	2,754973E-1	1,373437E+3	-3,309834E-1
1,375000E+3	2,734615E-1	1,375000E+3	-3,216100E-1
1,376562E+3	2,711280E-1	1,376562E+3	-3,136916E-1
1,378125E+3	2,710365E-1	1,378125E+3	-3,150656E-1
1,379687E+3	2,709001E-1	1,379687E+3	-3,166263E-1
1,381250E+3	2,710689E-1	1,381250E+3	-3,191380E-1
1,382812E+3	2,711955E-1	1,382812E+3	-3,216941E-1
1,384375E+3	2,711550E-1	1,384375E+3	-3,228996E-1
1,385937E+3	2,710318E-1	1,385937E+3	-3,241450E-1
1,387500E+3	2,705587E-1	1,387500E+3	-3,226555E-1
1,389062E+3	2,699274E-1	1,389062E+3	-3,214420E-1
1,390625E+3	2,693778E-1	1,390625E+3	-3,192210E-1
1,392187E+3	2,686331E-1	1,392187E+3	-3,173995E-1
1,393750E+3	2,682354E-1	1,393750E+3	-3,160353E-1
1,395312E+3	2,676540E-1	1,395312E+3	-3,149569E-1
1,396875E+3	2,671773E-1	1,396875E+3	-3,130512E-1
1,398437E+3	2,664782E-1	1,398437E+3	-3,114928E-1
1,400000E+3	2,659890E-1	1,400000E+3	-3,094563E-1
1,401562E+3	2,652514E-1	1,401562E+3	-3,077842E-1
1,403125E+3	2,647501E-1	1,403125E+3	-3,056567E-1
1,404687E+3	2,639753E-1	1,404687E+3	-3,039274E-1
1,406250E+3	2,635334E-1	1,406250E+3	-3,022332E-1
1,407812E+3	2,628172E-1	1,407812E+3	-3,008855E-1
1,409375E+3	2,623353E-1	1,409375E+3	-2,990895E-1
1,410937E+3	2,615536E-1	1,410937E+3	-2,976656E-1
1,412500E+3	2,611128E-1	1,412500E+3	-2,961120E-1
1,414062E+3	2,603608E-1	1,414062E+3	-2,948993E-1
1,415625E+3	2,598862E-1	1,415625E+3	-2,932841E-1
1,417187E+3	2,590728E-1	1,417187E+3	-2,920175E-1
1,418750E+3	2,585750E-1	1,418750E+3	-2,904071E-1
1,420312E+3	2,577123E-1	1,420312E+3	-2,891345E-1
1,421875E+3	2,571908E-1	1,421875E+3	-2,873469E-1
1,423437E+3	2,562586E-1	1,423437E+3	-2,859056E-1
1,425000E+3	2,556949E-1	1,425000E+3	-2,839841E-1
1,426562E+3	2,546820E-1	1,426562E+3	-2,824410E-1
1,428125E+3	2,542058E-1	1,428125E+3	-2,811849E-1
1,429687E+3	2,533108E-1	1,429687E+3	-2,801874E-1
1,431250E+3	2,527438E-1	1,431250E+3	-2,781552E-1
1,432812E+3	2,516500E-1	1,432812E+3	-2,764632E-1
1,434375E+3	2,511451E-1	1,434375E+3	-2,749062E-1
1,435937E+3	2,501329E-1	1,435937E+3	-2,735905E-1
1,437500E+3	2,495491E-1	1,437500E+3	-2,714491E-1
1,439062E+3	2,483632E-1	1,439062E+3	-2,695994E-1
1,440625E+3	2,478736E-1	1,440625E+3	-2,680622E-1
1,442187E+3	2,468294E-1	1,442187E+3	-2,667051E-1
1,443750E+3	2,463094E-1	1,443750E+3	-2,647399E-1
1,445312E+3	2,451625E-1	1,445312E+3	-2,629578E-1
1,446875E+3	2,447131E-1	1,446875E+3	-2,612630E-1
1,448437E+3	2,436557E-1	1,448437E+3	-2,596556E-1
1,450000E+3	2,431248E-1	1,450000E+3	-2,573081E-1
1,451562E+3	2,418936E-1	1,451562E+3	-2,550663E-1
1,453125E+3	2,415138E-1	1,453125E+3	-2,533950E-1
1,454687E+3	2,405278E-1	1,454687E+3	-2,517278E-1
1,456250E+3	2,401601E-1	1,456250E+3	-2,498674E-1
1,457812E+3	2,391720E-1	1,457812E+3	-2,479650E-1
1,459375E+3	2,388451E-1	1,459375E+3	-2,459875E-1
1,460937E+3	2,378986E-1	1,460937E+3	-2,439119E-1
1,462500E+3	2,375814E-1	1,462500E+3	-2,417108E-1
1,464062E+3	2,366419E-1	1,464062E+3	-2,393805E-1
1,465625E+3	2,364208E-1	1,465625E+3	-2,374623E-1
1,467187E+3	2,356451E-1	1,467187E+3	-2,353790E-1
1,468750E+3	2,354945E-1	1,468750E+3	-2,336806E-1
1,470312E+3	2,348455E-1	1,470312E+3	-2,317607E-1
1,471875E+3	2,346964E-1	1,471875E+3	-2,294171E-1
1,473437E+3	2,340135E-1	1,473437E+3	-2,268311E-1
1,475000E+3	2,339632E-1	1,475000E+3	-2,248292E-1
1,476562E+3	2,334560E-1	1,476562E+3	-2,225741E-1
1,478125E+3	2,335115E-1	1,478125E+3	-2,207775E-1
1,479687E+3	2,331654E-1	1,479687E+3	-2,187077E-1
1,481250E+3	2,332676E-1	1,481250E+3	-2,167632E-1
1,482812E+3	2,329900E-1	1,482812E+3	-2,145279E-1
1,484375E+3	2,331777E-1	1,484375E+3	-2,124675E-1
1,485937E+3	2,330103E-1	1,485937E+3	-2,100960E-1
1,487500E+3	2,332615E-1	1,487500E+3	-2,078180E-1
1,489062E+3	2,331756E-1	1,489062E+3	-2,052321E-1
1,490625E+3	2,335404E-1	1,490625E+3	-2,033118E-1
1,492187E+3	2,336253E-1	1,492187E+3	-2,011000E-1
1,493750E+3	2,340965E-1	1,493750E+3	-1,993991E-1
1,495312E+3	2,343277E-1	1,495312E+3	-1,973976E-1
1,496875E+3	2,348661E-1	1,496875E+3	-1,953040E-1
1,498437E+3	2,351675E-1	1,498437E+3	-1,929066E-1
1,500000E+3	2,358066E-1	1,500000E+3	-1,909478E-1
1,501562E+3	2,362410E-1	1,501562E+3	-1,887008E-1
1,503125E+3	2,369959E-1	1,503125E+3	-1,869446E-1
1,504687E+3	2,375751E-1	1,504687E+3	-1,849027E-1
1,506250E+3	2,383967E-1	1,506250E+3	-1,829735E-1
1,507812E+3	2,390544E-1	1,507812E+3	-1,807788E-1
1,509375E+3	2,399926E-1	1,509375E+3	-1,793347E-1
1,510937E+3	2,408039E-1	1,510937E+3	-1,776213E-1
1,512500E+3	2,418609E-1	1,512500E+3	-1,756709E-1
1,514062E+3	2,427873E-1	1,514062E+3	-1,734573E-1
1,515625E+3	2,439139E-1	1,515625E+3	-1,717862E-1
1,517187E+3	2,449334E-1	1,517187E+3	-1,698663E-1
1,518750E+3	2,461698E-1	1,518750E+3	-1,682317E-1
1,520312E+3	2,473131E-1	1,520312E+3	-1,663493E-1
1,521875E+3	2,486543E-1	1,521875E+3	-1,645822E-1
1,523437E+3	2,499080E-1	1,523437E+3	-1,625918E-1
1,525000E+3	2,513065E-1	1,525000E+3	-1,613335E-1
1,526562E+3	2,526381E-1	1,526562E+3	-1,598745E-1
1,528125E+3	2,540993E-1	1,528125E+3	-1,588622E-1
1,529687E+3	2,555118E-1	1,529687E+3	-1,576159E-1
1,531250E+3	2,571762E-1	1,531250E+3	-1,555254E-1
1,532812E+3	2,587713E-1	1,532812E+3	-1,532445E-1
1,534375E+3	2,603847E-1	1,534375E+3	-1,524604E-1
1,535937E+3	2,619621E-1	1,535937E+3	-1,514890E-1
1,537500E+3	2,636981E-1	1,537500E+3	-1,502890E-1
1,539062E+3	2,653956E-1	1,539062E+3	-1,489120E-1
1,540625E+3	2,672012E-1	1,540625E+3	-1,479138E-1
1,542187E+3	2,689747E-1	1,542187E+3	-1,467442E-1
1,543750E+3	2,708210E-1	1,543750E+3	-1,457505E-1
1,545312E+3	2,726376E-1	1,545312E+3	-1,446023E-1
1,546875E+3	2,745164E-1	1,546875E+3	-1,438918E-1
1,548437E+3	2,763722E-1	1,548437E+3	-1,430327E-1
1,550000E+3	2,782948E-1	1,550000E+3	-1,423709E-1
1,551562E+3	2,801951E-1	1,551562E+3	-1,415685E-1
1,553125E+3	2,821188E-1	1,553125E+3	-1,409937E-1
1,554687E+3	2,840212E-1	1,554687E+3	-1,402911E-1
1,556250E+3	2,859227E-1	1,556250E+3	-1,399360E-1
1,557812E+3	2,878039E-1	1,557812E+3	-1,394602E-1
1,559375E+3	2,896631E-1	1,559375E+3	-1,392150E-1
1,560937E+3	2,915023E-1	1,560937E+3	-1,388607E-1
1,562500E+3	2,933193E-1	1,562500E+3	-1,388244E-1
1,564062E+3	2,951164E-1	1,564062E+3	-1,386813E-1
1,565625E+3	2,968661E-1	1,565625E+3	-1,386610E-1
1,567187E+3	2,985914E-1	1,567187E+3	-1,385497E-1
1,568750E+3	3,002079E-1	1,568750E+3	-1,388337E-1
1,570312E+3	3,018007E-1	1,570312E+3	-1,390302E-1
1,571875E+3	3,032967E-1	1,571875E+3	-1,393890E-1
1,573437E+3	3,047641E-1	1,573437E+3	-1,396709E-1
1,575000E+3	3,060851E-1	1,575000E+3	-1,402315E-1
1,576562E+3	3,073755E-1	1,576562E+3	-1,406837E-1
1,578125E+3	3,084903E-1	1,578125E+3	-1,404422E-1
1,579687E+3	3,095597E-1	1,579687E+3	-1,402178E-1
1,581250E+3	3,105010E-1	1,581250E+3	-1,427058E-1
1,582812E+3	3,113927E-1	1,582812E+3	-1,448784E-1
1,584375E+3	3,112178E-1	1,584375E+3	-1,401557E-1
1,585937E+3	3,109044E-1	1,585937E+3	-1,354643E-1
1,587500E+3	3,111055E-1	1,587500E+3	-1,366100E-1
1,589062E+3	3,112573E-1	1,589062E+3	-1,377048E-1
1,590625E+3	3,111242E-1	1,590625E+3	-1,386416E-1
1,592187E+3	3,109378E-1	1,592187E+3	-1,395393E-1
1,593750E+3	3,105816E-1	1,593750E+3	-1,405244E-1
1,595312E+3	3,101642E-1	1,595312E+3	-1,414613E-1
1,596875E+3	3,094531E-1	1,596875E+3	-1,421406E-1
1,598437E+3	3,086788E-1	1,598437E+3	-1,427903E-1
1,600000E+3	3,078102E-1	1,600000E+3	-1,436190E-1
1,601562E+3	3,068745E-1	1,601562E+3	-1,444081E-1
1,603125E+3	3,057335E-1	1,603125E+3	-1,449877E-1
1,604687E+3	3,045266E-1	1,604687E+3	-1,455437E-1
1,606250E+3	3,033283E-1	1,606250E+3	-1,462624E-1
1,607812E+3	3,020558E-1	1,607812E+3	-1,469346E-1
1,609375E+3	3,005263E-1	1,609375E+3	-1,471386E-1
1,610937E+3	2,989233E-1	1,610937E+3	-1,473226E-1
1,612500E+3	2,974022E-1	1,612500E+3	-1,477487E-1
1,614062E+3	2,958052E-1	1,614062E+3	-1,481363E-1
1,615625E+3	2,940837E-1	1,615625E+3	-1,482282E-1
1,617187E+3	2,922861E-1	1,617187E+3	-1,482807E-1
1,618750E+3	2,905237E-1	1,618750E+3	-1,480846E-1
1,620312E+3	2,886813E-1	1,620312E+3	-1,478563E-1
1,621875E+3	2,868814E-1	1,621875E+3	-1,476365E-1
1,623437E+3	2,850019E-1	1,623437E+3	-1,473758E-1
1,625000E+3	2,831326E-1	1,625000E+3	-1,469067E-1
1,626562E+3	2,811848E-1	1,626562E+3	-1,464028E-1
1,628125E+3	2,793521E-1	1,628125E+3	-1,458928E-1
1,629687E+3	2,774320E-1	1,629687E+3	-1,453186E-1
1,631250E+3	2,753410E-1	1,631250E+3	-1,440601E-1
1,632812E+3	2,731462E-1	1,632812E+3	-1,427088E-1
1,634375E+3	2,706927E-1	1,634375E+3	-1,401815E-1
1,635937E+3	2,681509E-1	1,635937E+3	-1,376452E-1
1,637500E+3	2,663011E-1	1,637500E+3	-1,363609E-1
1,639062E+3	2,643827E-1	1,639062E+3	-1,350519E-1
1,640625E+3	2,628310E-1	1,640625E+3	-1,342371E-1
1,642187E+3	2,612426E-1	1,642187E+3	-1,334657E-1
1,643750E+3	2,604588E-1	1,643750E+3	-1,347227E-1
1,645312E+3	2,596337E-1	1,645312E+3	-1,359277E-1
1,646875E+3	2,586147E-1	1,646875E+3	-1,363525E-1
1,648437E+3	2,575153E-1	1,648437E+3	-1,366257E-1
1,650000E+3	2,555440E-1	1,650000E+3	-1,338801E-1
1,651562E+3	2,535094E-1	1,651562E+3	-1,311456E-1
1,653125E+3	2,522192E-1	1,653125E+3	-1,301734E-1
1,654687E+3	2,508624E-1	1,654687E+3	-1,291263E-1
1,656250E+3	2,493648E-1	1,656250E+3	-1,272544E-1
1,657812E+3	2,478079E-1	1,657812E+3	-1,253456E-1
1,659375E+3	2,465030E-1	1,659375E+3	-1,237371E-1
1,660937E+3	2,451500E-1	1,660937E+3	-1,221223E-1
1,662500E+3	2,441587E-1	1,662500E+3	-1,214490E-1
1,664062E+3	2,431084E-1	1,664062E+3	-1,206709E-1
1,665625E+3	2,417769E-1	1,665625E+3	-1,182044E-1
1,667187E+3	2,403938E-1	1,667187E+3	-1,157285E-1
1,668750E+3	2,394055E-1	1,668750E+3	-1,142888E-1
1,670312E+3	2,383716E-1	1,670312E+3	-1,128245E-1
1,671875E+3	2,375014E-1	1,671875E+3	-1,117419E-1
1,673437E+3	2,365831E-1	1,673437E+3	-1,105901E-1
1,675000E+3	2,356112E-1	1,675000E+3	-1,086109E-1
1,676562E+3	2,345922E-1	1,676562E+3	-1,066045E-1
1,678125E+3	2,337293E-1	1,678125E+3	-1,049678E-1
1,679687E+3	2,328266E-1	1,679687E+3	-1,033118E-1
1,681250E+3	2,321183E-1	1,681250E+3	-1,020928E-1
1,682812E+3	2,313691E-1	1,682812E+3	-1,008250E-1
1,684375E+3	2,306399E-1	1,684375E+3	-9,916564E-2
1,685937E+3	2,298702E-1	1,685937E+3	-9,748671E-2
1,687500E+3	2,291912E-1	1,687500E+3	-9,616343E-2
1,689062E+3	2,284731E-1	1,689062E+3	-9,478388E-2
1,690625E+3	2,277560E-1	1,690625E+3	-9,275969E-2
1,692187E+3	2,270001E-1	1,692187E+3	-9,073953E-2
1,693750E+3	2,263942E-1	1,693750E+3	-8,961422E-2
1,695312E+3	2,257542E-1	1,695312E+3	-8,844962E-2
1,696875E+3	2,251388E-1	1,696875E+3	-8,693045E-2
1,698437E+3	2,244853E-1	1,698437E+3	-8,537215E-2
1,700000E+3	2,238202E-1	1,700000E+3	-8,346379E-2
1,701562E+3	2,231210E-1	1,701562E+3	-8,155562E-2
1,703125E+3	2,225487E-1	1,703125E+3	-8,025421E-2
1,704687E+3	2,219441E-1	1,704687E+3	-7,892168E-2
1,706250E+3	2,213794E-1	1,706250E+3	-7,729812E-2
1,707812E+3	2,207787E-1	1,707812E+3	-7,565770E-2
1,709375E+3	2,201739E-1	1,709375E+3	-7,407890E-2
1,710937E+3	2,195374E-1	1,710937E+3	-7,249080E-2
1,712500E+3	2,189569E-1	1,712500E+3	-7,106101E-2
1,714062E+3	2,183442E-1	1,714062E+3	-6,960926E-2
1,715625E+3	2,177588E-1	1,715625E+3	-6,795433E-2
1,717187E+3	2,171412E-1	1,717187E+3	-6,629329E-2
1,718750E+3	2,165669E-1	1,718750E+3	-6,478180E-2
1,720312E+3	2,159578E-1	1,720312E+3	-6,324904E-2
1,721875E+3	2,152897E-1	1,721875E+3	-6,143564E-2
1,723437E+3	2,145907E-1	1,723437E+3	-5,962621E-2
1,725000E+3	2,139495E-1	1,725000E+3	-5,809870E-2
1,726562E+3	2,132798E-1	1,726562E+3	-5,657270E-2
1,728125E+3	2,126701E-1	1,728125E+3	-5,519282E-2
1,729687E+3	2,120304E-1	1,729687E+3	-5,379865E-2
1,731250E+3	2,113900E-1	1,731250E+3	-5,213619E-2
1,732812E+3	2,107220E-1	1,732812E+3	-5,049065E-2
1,734375E+3	2,101154E-1	1,734375E+3	-4,927259E-2
1,735937E+3	2,094807E-1	1,735937E+3	-4,804117E-2
1,737500E+3	2,088413E-1	1,737500E+3	-4,646262E-2
1,739062E+3	2,081730E-1	1,739062E+3	-4,488716E-2
1,740625E+3	2,074988E-1	1,740625E+3	-4,331128E-2
1,742187E+3	2,067982E-1	1,742187E+3	-4,175101E-2
1,743750E+3	2,061471E-1	1,743750E+3	-4,041019E-2
1,745312E+3	2,054677E-1	1,745312E+3	-3,903926E-2
1,746875E+3	2,047400E-1	1,746875E+3	-3,675048E-2
1,748437E+3	2,039863E-1	1,748437E+3	-3,449866E-2
1,750000E+3	2,033469E-1	1,750000E+3	-3,283876E-2
1,751562E+3	2,026818E-1	1,751562E+3	-3,119807E-2
1,753125E+3	2,020704E-1	1,753125E+3	-2,971898E-2
1,754687E+3	2,014354E-1	1,754687E+3	-2,826606E-2
1,756250E+3	2,008531E-1	1,756250E+3	-2,710332E-2
1,757812E+3	2,002513E-1	1,757812E+3	-2,597961E-2
1,759375E+3	1,997480E-1	1,759375E+3	-2,542753E-2
1,760937E+3	1,992196E-1	1,760937E+3	-2,480764E-2
1,762500E+3	1,985686E-1	1,762500E+3	-2,223102E-2
1,764062E+3	1,978907E-1	1,764062E+3	-1,968053E-2
1,765625E+3	1,973129E-1	1,765625E+3	-1,713228E-2
1,767187E+3	1,967064E-1	1,767187E+3	-1,458858E-2
1,768750E+3	1,961190E-1	1,768750E+3	-1,148619E-2
1,770312E+3	1,955024E-1	1,770312E+3	-8,415572E-3
1,771875E+3	1,949756E-1	1,771875E+3	-5,277578E-3
1,773437E+3	1,944220E-1	1,773437E+3	-2,199680E-3
1,775000E+3	1,940181E-1	1,775000E+3	3,654015E-4
1,776562E+3	1,935847E-1	1,776562E+3	2,907538E-3
1,778125E+3	1,931817E-1	1,778125E+3	5,768710E-3
1,779687E+3	1,927540E-1	1,779687E+3	8,580659E-3
1,781250E+3	1,925066E-1	1,781250E+3	1,125776E-2
1,782812E+3	1,922289E-1	1,782812E+3	1,378490E-2
1,784375E+3	1,919885E-1	1,784375E+3	1,378544E-2
1,785937E+3	1,917330E-1	1,785937E+3	1,382355E-2
1,787500E+3	1,915324E-1	1,787500E+3	1,535274E-2
1,789062E+3	1,913103E-1	1,789062E+3	1,686559E-2
1,790625E+3	1,912006E-1	1,790625E+3	1,889123E-2
1,792187E+3	1,910645E-1	1,792187E+3	2,087714E-2
1,793750E+3	1,910128E-1	1,793750E+3	2,299701E-2
1,795312E+3	1,909336E-1	1,795312E+3	2,507353E-2
1,796875E+3	1,909675E-1	1,796875E+3	2,725609E-2
1,798437E+3	1,909699E-1	1,798437E+3	2,935563E-2
1,800000E+3	1,910173E-1	1,800000E+3	3,072102E-2
1,801562E+3	1,910404E-1	1,801562E+3	3,205045E-2
1,803125E+3	1,911854E-1	1,803125E+3	3,358104E-2
1,804687E+3	1,913039E-1	1,804687E+3	3,508761E-2
1,806250E+3	1,915136E-1	1,806250E+3	3,716549E-2
1,807812E+3	1,916911E-1	1,807812E+3	3,917338E-2
1,809375E+3	1,919809E-1	1,809375E+3	4,088248E-2
1,810937E+3	1,922420E-1	1,810937E+3	4,255210E-2
1,812500E+3	1,926597E-1	1,812500E+3	4,459147E-2
1,814062E+3	1,930427E-1	1,814062E+3	4,657787E-2
1,815625E+3	1,935381E-1	1,815625E+3	4,875369E-2
1,817187E+3	1,939965E-1	1,817187E+3	5,087055E-2
1,818750E+3	1,946066E-1	1,818750E+3	5,316518E-2
1,820312E+3	1,951701E-1	1,820312E+3	5,536240E-2
1,821875E+3	1,957595E-1	1,821875E+3	5,689804E-2
1,823437E+3	1,963129E-1	1,823437E+3	5,837714E-2
1,825000E+3	1,970139E-1	1,825000E+3	5,998520E-2
1,826562E+3	1,976950E-1	1,826562E+3	6,164161E-2
1,828125E+3	1,989706E-1	1,828125E+3	6,597498E-2
1,829687E+3	2,001467E-1	1,829687E+3	7,006754E-2
1,831250E+3	2,009904E-1	1,831250E+3	7,116639E-2
1,832812E+3	2,017744E-1	1,832812E+3	7,212168E-2
1,834375E+3	2,022589E-1	1,834375E+3	7,111404E-2
1,835937E+3	2,027580E-1	1,835937E+3	7,023914E-2
1,837500E+3	2,041176E-1	1,837500E+3	7,329430E-2
1,839062E+3	2,054307E-1	1,839062E+3	7,634771E-2
1,840625E+3	2,075513E-1	1,840625E+3	8,170732E-2
1,842187E+3	2,094869E-1	1,842187E+3	8,667489E-2
1,843750E+3	2,102349E-1	1,843750E+3	8,594187E-2
1,845312E+3	2,109607E-1	1,845312E+3	8,519692E-2
1,846875E+3	2,119377E-1	1,846875E+3	8,507485E-2
1,848437E+3	2,129717E-1	1,848437E+3	8,521419E-2
1,850000E+3	2,163343E-1	1,850000E+3	9,270707E-2
1,851562E+3	2,193522E-1	1,851562E+3	9,956528E-2
1,853125E+3	2,196279E-1	1,853125E+3	9,644663E-2
1,854687E+3	2,199129E-1	1,854687E+3	9,337150E-2
1,856250E+3	2,205850E-1	1,856250E+3	9,167758E-2
1,857812E+3	2,214556E-1	1,857812E+3	9,053442E-2
1,859375E+3	2,274674E-1	1,859375E+3	1,031185E-1
1,860937E+3	2,328119E-1	1,860937E+3	1,148130E-1
1,862500E+3	2,343888E-1	1,862500E+3	1,147202E-1
1,864062E+3	2,359063E-1	1,864062E+3	1,145864E-1
1,865625E+3	2,376702E-1	1,865625E+3	1,146395E-1
1,867187E+3	2,393900E-1	1,867187E+3	1,146990E-1
1,868750E+3	2,418871E-1	1,868750E+3	1,160896E-1
1,870312E+3	2,441767E-1	1,870312E+3	1,172004E-1
1,871875E+3	2,444661E-1	1,871875E+3	1,132674E-1
1,873437E+3	2,447466E-1	1,873437E+3	1,093199E-1
1,875000E+3	2,448368E-1	1,875000E+3	1,051776E-1
1,876562E+3	2,451394E-1	1,876562E+3	1,014548E-1
1,878125E+3	2,502928E-1	1,878125E+3	1,078698E-1
1,879687E+3	2,550401E-1	1,879687E+3	1,140045E-1
1,881250E+3	2,586688E-1	1,881250E+3	1,174838E-1
1,882812E+3	2,622900E-1	1,882812E+3	1,211178E-1
1,884375E+3	2,708672E-1	1,884375E+3	1,309133E-1
1,885937E+3	2,785219E-1	1,885937E+3	1,401249E-1
1,887500E+3	2,811129E-1	1,887500E+3	1,397012E-1
1,889062E+3	2,835937E-1	1,889062E+3	1,392493E-1
1,890625E+3	2,861096E-1	1,890625E+3	1,386369E-1
1,892187E+3	2,885173E-1	1,892187E+3	1,379966E-1
1,893750E+3	2,909304E-1	1,893750E+3	1,370986E-1
1,895312E+3	2,932403E-1	1,895312E+3	1,361786E-1
1,896875E+3	2,955048E-1	1,896875E+3	1,350676E-1
1,898437E+3	2,976716E-1	1,898437E+3	1,339385E-1
1,900000E+3	2,997876E-1	1,900000E+3	1,326519E-1
1,901562E+3	3,018104E-1	1,901562E+3	1,313477E-1
1,903125E+3	3,037209E-1	1,903125E+3	1,298698E-1
1,904687E+3	3,055397E-1	1,904687E+3	1,283741E-1
1,906250E+3	3,071272E-1	1,906250E+3	1,267257E-1
1,907812E+3	3,086349E-1	1,907812E+3	1,250592E-1
1,909375E+3	3,099631E-1	1,909375E+3	1,233165E-1
1,910937E+3	3,112116E-1	1,910937E+3	1,215484E-1
1,912500E+3	3,121391E-1	1,912500E+3	1,196301E-1
1,914062E+3	3,129964E-1	1,914062E+3	1,176931E-1
1,915625E+3	3,134934E-1	1,915625E+3	1,158913E-1
1,917187E+3	3,139196E-1	1,917187E+3	1,140356E-1
1,918750E+3	3,139089E-1	1,918750E+3	1,117713E-1
1,920312E+3	3,138523E-1	1,920312E+3	1,094708E-1
