Sample 2_Frequency [Hz]	Absorption Coefficient on Cavity	
6,875000E+1	1,585564E-1
7,031250E+1	1,674519E-1
7,187500E+1	1,684894E-1
7,343750E+1	1,690903E-1
7,500000E+1	1,607478E-1
7,656250E+1	1,535465E-1
7,812500E+1	1,565182E-1
7,968750E+1	1,594726E-1
8,125000E+1	1,742563E-1
8,281250E+1	1,872912E-1
8,437500E+1	1,939521E-1
8,593750E+1	1,980977E-1
8,750000E+1	1,655114E-1
8,906250E+1	1,344444E-1
9,062500E+1	1,408093E-1
9,218750E+1	1,462548E-1
9,375000E+1	1,482830E-1
9,531250E+1	1,498876E-1
9,687500E+1	1,519892E-1
9,843750E+1	1,536033E-1
1,000000E+2	1,527828E-1
1,015625E+2	1,518236E-1
1,031250E+2	1,498895E-1
1,046875E+2	1,482346E-1
1,062500E+2	1,541009E-1
1,078125E+2	1,592442E-1
1,093750E+2	1,561648E-1
1,109375E+2	1,533234E-1
1,125000E+2	1,542968E-1
1,140625E+2	1,552044E-1
1,156250E+2	1,569705E-1
1,171875E+2	1,585385E-1
1,187500E+2	1,579133E-1
1,203125E+2	1,573052E-1
1,218750E+2	1,598949E-1
1,234375E+2	1,622282E-1
1,250000E+2	1,621515E-1
1,265625E+2	1,622414E-1
1,281250E+2	1,669985E-1
1,296875E+2	1,713538E-1
1,312500E+2	1,753503E-1
1,328125E+2	1,793078E-1
1,343750E+2	1,878294E-1
1,359375E+2	1,952651E-1
1,375000E+2	1,996508E-1
1,390625E+2	2,039686E-1
1,406250E+2	2,112585E-1
1,421875E+2	2,177936E-1
1,437500E+2	2,186834E-1
1,453125E+2	2,191599E-1
1,468750E+2	2,118640E-1
1,484375E+2	2,050172E-1
1,500000E+2	2,012765E-1
1,515625E+2	1,977111E-1
1,531250E+2	1,945228E-1
1,546875E+2	1,914683E-1
1,562500E+2	1,884135E-1
1,578125E+2	1,856291E-1
1,593750E+2	1,866786E-1
1,609375E+2	1,875335E-1
1,625000E+2	1,869617E-1
1,640625E+2	1,863792E-1
1,656250E+2	1,869397E-1
1,671875E+2	1,872941E-1
1,687500E+2	1,866765E-1
1,703125E+2	1,861165E-1
1,718750E+2	1,880547E-1
1,734375E+2	1,897221E-1
1,750000E+2	1,913324E-1
1,765625E+2	1,926645E-1
1,781250E+2	1,924533E-1
1,796875E+2	1,923084E-1
1,812500E+2	1,938517E-1
1,828125E+2	1,945677E-1
1,843750E+2	1,959730E-1
1,859375E+2	1,970652E-1
1,875000E+2	1,970458E-1
1,890625E+2	1,967221E-1
1,906250E+2	1,981145E-1
1,921875E+2	1,993311E-1
1,937500E+2	1,996694E-1
1,953125E+2	2,000182E-1
1,968750E+2	2,017921E-1
1,984375E+2	2,031570E-1
2,000000E+2	2,048375E-1
2,015625E+2	2,051150E-1
2,031250E+2	2,064379E-1
2,046875E+2	2,074061E-1
2,062500E+2	2,093505E-1
2,078125E+2	2,111313E-1
2,093750E+2	2,131119E-1
2,109375E+2	2,147049E-1
2,125000E+2	2,173386E-1
2,140625E+2	2,191547E-1
2,156250E+2	2,241436E-1
2,171875E+2	2,265747E-1
2,187500E+2	2,280999E-1
2,203125E+2	2,296962E-1
2,218750E+2	2,351774E-1
2,234375E+2	2,379221E-1
2,250000E+2	2,402373E-1
2,265625E+2	2,422557E-1
2,281250E+2	2,468151E-1
2,296875E+2	2,496597E-1
2,312500E+2	2,568978E-1
2,328125E+2	2,585106E-1
2,343750E+2	2,612463E-1
2,359375E+2	2,637217E-1
2,375000E+2	2,726904E-1
2,390625E+2	2,741897E-1
2,406250E+2	2,783292E-1
2,421875E+2	2,810674E-1
2,437500E+2	2,888011E-1
2,453125E+2	2,904083E-1
2,468750E+2	2,945688E-1
2,484375E+2	2,973240E-1
2,500000E+2	3,000910E-1
2,515625E+2	3,024997E-1
2,531250E+2	3,048825E-1
2,546875E+2	3,069897E-1
2,562500E+2	3,090234E-1
2,578125E+2	3,148255E-1
2,593750E+2	3,935760E-1
2,609375E+2	3,532590E-1
2,625000E+2	3,936970E-1
2,640625E+2	3,980666E-1
2,656250E+2	3,993874E-1
2,671875E+2	4,007053E-1
2,687500E+2	4,024731E-1
2,703125E+2	4,042247E-1
2,718750E+2	4,058917E-1
2,734375E+2	4,075509E-1
2,750000E+2	4,093894E-1
2,765625E+2	4,112136E-1
2,781250E+2	4,129678E-1
2,796875E+2	4,159660E-1
2,812500E+2	4,491306E-1
2,828125E+2	4,765493E-1
2,843750E+2	4,788515E-1
2,859375E+2	4,811512E-1
2,875000E+2	4,836714E-1
2,890625E+2	4,862070E-1
2,906250E+2	4,894328E-1
2,921875E+2	4,929518E-1
2,937500E+2	5,037006E-1
2,953125E+2	5,144315E-1
2,968750E+2	5,202832E-1
2,984375E+2	5,261157E-1
3,000000E+2	5,310447E-1
3,015625E+2	5,359275E-1
3,031250E+2	5,395725E-1
3,046875E+2	5,433424E-1
3,062500E+2	5,502632E-1
3,078125E+2	5,570368E-1
3,093750E+2	5,601007E-1
3,109375E+2	5,631977E-1
3,125000E+2	5,674819E-1
3,140625E+2	5,716433E-1
3,156250E+2	5,743487E-1
3,171875E+2	5,769864E-1
3,187500E+2	5,793124E-1
3,203125E+2	5,815506E-1
3,218750E+2	5,832777E-1
3,234375E+2	5,847912E-1
3,250000E+2	5,860696E-1
3,265625E+2	5,872698E-1
3,281250E+2	5,881942E-1
3,296875E+2	5,889113E-1
3,312500E+2	5,897632E-1
3,328125E+2	5,904843E-1
3,343750E+2	5,911291E-1
3,359375E+2	5,916020E-1
3,375000E+2	5,925348E-1
3,390625E+2	5,932587E-1
3,406250E+2	5,943454E-1
3,421875E+2	5,952736E-1
3,437500E+2	5,967453E-1
3,453125E+2	5,980697E-1
3,468750E+2	5,999659E-1
3,484375E+2	6,017572E-1
3,500000E+2	6,041671E-1
3,515625E+2	6,065246E-1
3,531250E+2	6,104969E-1
3,546875E+2	6,142783E-1
3,562500E+2	6,171672E-1
3,578125E+2	6,200967E-1
3,593750E+2	6,252107E-1
3,609375E+2	6,302478E-1
3,625000E+2	6,353805E-1
3,640625E+2	6,404749E-1
3,656250E+2	6,458859E-1
3,671875E+2	6,513112E-1
3,687500E+2	6,581073E-1
3,703125E+2	6,648577E-1
3,718750E+2	6,716774E-1
3,734375E+2	6,784508E-1
3,750000E+2	6,853295E-1
3,765625E+2	6,921808E-1
3,781250E+2	6,997444E-1
3,796875E+2	7,072432E-1
3,812500E+2	7,149546E-1
3,828125E+2	7,225725E-1
3,843750E+2	7,300414E-1
3,859375E+2	7,374151E-1
3,875000E+2	7,447914E-1
3,890625E+2	7,520812E-1
3,906250E+2	7,598333E-1
3,921875E+2	7,674432E-1
3,937500E+2	7,747638E-1
3,953125E+2	7,819410E-1
3,968750E+2	7,888585E-1
3,984375E+2	7,956447E-1
4,000000E+2	8,024819E-1
4,015625E+2	8,091477E-1
4,031250E+2	8,152041E-1
4,046875E+2	8,211171E-1
4,062500E+2	8,266996E-1
4,078125E+2	8,321526E-1
4,093750E+2	8,374426E-1
4,109375E+2	8,425892E-1
4,125000E+2	8,472291E-1
4,140625E+2	8,517500E-1
4,156250E+2	8,559149E-1
4,171875E+2	8,599706E-1
4,187500E+2	8,636423E-1
4,203125E+2	8,672234E-1
4,218750E+2	8,705203E-1
4,234375E+2	8,737366E-1
4,250000E+2	8,766893E-1
4,265625E+2	8,795685E-1
4,281250E+2	8,821487E-1
4,296875E+2	8,846772E-1
4,312500E+2	8,871550E-1
4,328125E+2	8,895732E-1
4,343750E+2	8,917460E-1
4,359375E+2	8,938826E-1
4,375000E+2	8,961200E-1
4,390625E+2	8,982963E-1
4,406250E+2	9,001635E-1
4,421875E+2	9,019899E-1
4,437500E+2	9,037369E-1
4,453125E+2	9,054320E-1
4,468750E+2	9,068682E-1
4,484375E+2	9,082501E-1
4,500000E+2	9,092526E-1
4,515625E+2	9,102058E-1
4,531250E+2	9,107227E-1
4,546875E+2	9,111853E-1
4,562500E+2	9,110215E-1
4,578125E+2	9,108074E-1
4,593750E+2	9,099327E-1
4,609375E+2	9,090017E-1
4,625000E+2	9,070176E-1
4,640625E+2	9,049851E-1
4,656250E+2	9,021625E-1
4,671875E+2	8,992588E-1
4,687500E+2	8,947739E-1
4,703125E+2	8,901953E-1
4,718750E+2	8,844709E-1
4,734375E+2	8,785778E-1
4,750000E+2	8,708537E-1
4,765625E+2	8,628726E-1
4,781250E+2	8,534827E-1
4,796875E+2	8,436851E-1
4,812500E+2	8,326830E-1
4,828125E+2	8,211468E-1
4,843750E+2	8,101880E-1
4,859375E+2	7,986564E-1
4,875000E+2	7,880934E-1
4,890625E+2	7,769351E-1
4,906250E+2	7,660608E-1
4,921875E+2	7,545618E-1
4,937500E+2	7,441697E-1
4,953125E+2	7,332008E-1
4,968750E+2	7,234940E-1
4,984375E+2	7,132452E-1
5,000000E+2	7,035645E-1
5,015625E+2	6,933543E-1
5,031250E+2	6,841751E-1
5,046875E+2	6,745325E-1
5,062500E+2	6,661813E-1
5,078125E+2	6,573827E-1
5,093750E+2	6,485188E-1
5,109375E+2	6,392426E-1
5,125000E+2	6,317285E-1
5,140625E+2	6,238772E-1
5,156250E+2	6,169703E-1
5,171875E+2	6,097315E-1
5,187500E+2	6,023689E-1
5,203125E+2	5,947021E-1
5,218750E+2	5,881242E-1
5,234375E+2	5,812687E-1
5,250000E+2	5,749004E-1
5,265625E+2	5,682830E-1
5,281250E+2	5,623997E-1
5,296875E+2	5,562911E-1
5,312500E+2	5,506525E-1
5,328125E+2	5,448085E-1
5,343750E+2	5,397938E-1
5,359375E+2	5,346436E-1
5,375000E+2	5,310484E-1
5,390625E+2	5,270782E-1
5,406250E+2	5,166116E-1
5,421875E+2	5,054901E-1
5,437500E+2	5,032770E-1
5,453125E+2	5,009970E-1
5,468750E+2	4,990200E-1
5,484375E+2	4,969134E-1
5,500000E+2	4,934846E-1
5,515625E+2	4,899004E-1
5,531250E+2	4,856248E-1
5,546875E+2	4,810853E-1
5,562500E+2	4,781246E-1
5,578125E+2	4,750559E-1
5,593750E+2	4,727529E-1
5,609375E+2	4,703548E-1
5,625000E+2	4,682331E-1
5,640625E+2	4,660407E-1
5,656250E+2	4,639777E-1
5,671875E+2	4,618481E-1
5,687500E+2	4,595301E-1
5,703125E+2	4,571593E-1
5,718750E+2	4,548787E-1
5,734375E+2	4,524828E-1
5,750000E+2	4,488671E-1
5,765625E+2	4,447683E-1
5,781250E+2	4,438968E-1
5,796875E+2	4,430445E-1
5,812500E+2	4,421510E-1
5,828125E+2	4,406599E-1
5,843750E+2	4,400924E-1
5,859375E+2	4,395251E-1
5,875000E+2	4,389936E-1
5,890625E+2	4,384465E-1
5,906250E+2	4,378768E-1
5,921875E+2	4,372852E-1
5,937500E+2	4,367818E-1
5,953125E+2	4,362843E-1
5,968750E+2	4,366792E-1
5,984375E+2	4,368872E-1
6,000000E+2	4,370097E-1
6,015625E+2	4,370631E-1
6,031250E+2	4,373153E-1
6,046875E+2	4,375350E-1
6,062500E+2	4,385127E-1
6,078125E+2	4,394058E-1
6,093750E+2	4,408762E-1
6,109375E+2	4,421338E-1
6,125000E+2	4,428724E-1
6,140625E+2	4,436005E-1
6,156250E+2	4,451119E-1
6,171875E+2	4,465530E-1
6,187500E+2	4,485067E-1
6,203125E+2	4,503576E-1
6,218750E+2	4,519902E-1
6,234375E+2	4,535958E-1
6,250000E+2	4,562304E-1
6,265625E+2	4,587564E-1
6,281250E+2	4,616154E-1
6,296875E+2	4,643691E-1
6,312500E+2	4,671711E-1
6,328125E+2	4,698595E-1
6,343750E+2	4,726514E-1
6,359375E+2	4,753432E-1
6,375000E+2	4,785299E-1
6,390625E+2	4,815956E-1
6,406250E+2	4,849266E-1
6,421875E+2	4,881262E-1
6,437500E+2	4,917165E-1
6,453125E+2	4,951648E-1
6,468750E+2	4,989182E-1
6,484375E+2	5,025115E-1
6,500000E+2	5,062779E-1
6,515625E+2	5,098930E-1
6,531250E+2	5,138227E-1
6,546875E+2	5,175805E-1
6,562500E+2	5,215743E-1
6,578125E+2	5,254094E-1
6,593750E+2	5,296250E-1
6,609375E+2	5,336534E-1
6,625000E+2	5,377906E-1
6,640625E+2	5,417587E-1
6,656250E+2	5,460823E-1
6,671875E+2	5,502146E-1
6,687500E+2	5,544382E-1
6,703125E+2	5,584747E-1
6,718750E+2	5,626057E-1
6,734375E+2	5,665650E-1
6,750000E+2	5,707607E-1
6,765625E+2	5,747613E-1
6,781250E+2	5,786345E-1
6,796875E+2	5,823495E-1
6,812500E+2	5,861676E-1
6,828125E+2	5,898270E-1
6,843750E+2	5,935648E-1
6,859375E+2	5,971383E-1
6,875000E+2	6,005693E-1
6,890625E+2	6,038430E-1
6,906250E+2	6,068502E-1
6,921875E+2	6,097290E-1
6,937500E+2	6,125238E-1
6,953125E+2	6,152055E-1
6,968750E+2	6,178732E-1
6,984375E+2	6,204133E-1
7,000000E+2	6,226890E-1
7,015625E+2	6,248513E-1
7,031250E+2	6,266798E-1
7,046875E+2	6,284106E-1
7,062500E+2	6,300115E-1
7,078125E+2	6,315138E-1
7,093750E+2	6,326530E-1
7,109375E+2	6,337059E-1
7,125000E+2	6,345575E-1
7,140625E+2	6,353235E-1
7,156250E+2	6,358101E-1
7,171875E+2	6,362242E-1
7,187500E+2	6,365668E-1
7,203125E+2	6,368222E-1
7,218750E+2	6,367874E-1
7,234375E+2	6,366835E-1
7,250000E+2	6,365689E-1
7,265625E+2	6,363655E-1
7,281250E+2	6,359984E-1
7,296875E+2	6,355619E-1
7,312500E+2	6,352708E-1
7,328125E+2	6,348771E-1
7,343750E+2	6,342091E-1
7,359375E+2	6,334599E-1
7,375000E+2	6,329707E-1
7,390625E+2	6,323900E-1
7,406250E+2	6,319486E-1
7,421875E+2	6,313996E-1
7,437500E+2	6,309527E-1
7,453125E+2	6,303929E-1
7,468750E+2	6,301153E-1
7,484375E+2	6,297219E-1
7,500000E+2	6,295841E-1
7,515625E+2	6,293083E-1
7,531250E+2	6,291621E-1
7,546875E+2	6,288848E-1
7,562500E+2	6,291237E-1
7,578125E+2	6,291986E-1
7,593750E+2	6,294955E-1
7,609375E+2	6,296253E-1
7,625000E+2	6,300473E-1
7,640625E+2	6,302873E-1
7,656250E+2	6,309644E-1
7,671875E+2	6,314432E-1
7,687500E+2	6,321758E-1
7,703125E+2	6,327085E-1
7,718750E+2	6,335530E-1
7,734375E+2	6,341764E-1
7,750000E+2	6,351810E-1
7,765625E+2	6,359578E-1
7,781250E+2	6,369950E-1
7,796875E+2	6,378063E-1
7,812500E+2	6,391275E-1
7,828125E+2	6,401925E-1
7,843750E+2	6,413092E-1
7,859375E+2	6,421672E-1
7,875000E+2	6,431738E-1
7,890625E+2	6,439451E-1
7,906250E+2	6,449222E-1
7,921875E+2	6,456435E-1
7,937500E+2	6,464653E-1
7,953125E+2	6,470431E-1
7,968750E+2	6,478013E-1
7,984375E+2	6,483119E-1
8,000000E+2	6,488724E-1
8,015625E+2	6,491793E-1
8,031250E+2	6,495126E-1
8,046875E+2	6,496205E-1
8,062500E+2	6,498032E-1
8,078125E+2	6,497374E-1
8,093750E+2	6,496129E-1
8,109375E+2	6,492438E-1
8,125000E+2	6,489459E-1
8,140625E+2	6,484188E-1
8,156250E+2	6,479634E-1
8,171875E+2	6,472494E-1
8,187500E+2	6,464887E-1
8,203125E+2	6,454967E-1
8,218750E+2	6,446273E-1
8,234375E+2	6,434761E-1
8,250000E+2	6,424285E-1
8,265625E+2	6,411039E-1
8,281250E+2	6,398100E-1
8,296875E+2	6,382404E-1
8,312500E+2	6,371120E-1
8,328125E+2	6,356320E-1
8,343750E+2	6,342390E-1
8,359375E+2	6,324986E-1
8,375000E+2	6,310301E-1
8,390625E+2	6,291308E-1
8,406250E+2	6,275213E-1
8,421875E+2	6,253943E-1
8,437500E+2	6,239938E-1
8,453125E+2	6,220462E-1
8,468750E+2	6,206410E-1
8,484375E+2	6,185986E-1
8,500000E+2	6,174550E-1
8,515625E+2	6,156496E-1
8,531250E+2	6,145066E-1
8,546875E+2	6,126764E-1
8,562500E+2	6,118828E-1
8,578125E+2	6,102802E-1
8,593750E+2	6,094900E-1
8,609375E+2	6,078355E-1
8,625000E+2	6,073690E-1
8,640625E+2	6,059673E-1
8,656250E+2	6,056573E-1
8,671875E+2	6,043545E-1
8,687500E+2	6,043504E-1
8,703125E+2	6,032997E-1
8,718750E+2	6,032667E-1
8,734375E+2	6,021533E-1
8,750000E+2	6,025013E-1
8,765625E+2	6,018867E-1
8,781250E+2	6,024394E-1
8,796875E+2	6,019579E-1
8,812500E+2	6,024978E-1
8,828125E+2	6,023277E-1
8,843750E+2	6,033006E-1
8,859375E+2	6,032937E-1
8,875000E+2	6,042783E-1
8,890625E+2	6,044218E-1
8,906250E+2	6,053624E-1
8,921875E+2	6,056250E-1
8,937500E+2	6,069862E-1
8,953125E+2	6,077584E-1
8,968750E+2	6,092144E-1
8,984375E+2	6,101357E-1
9,000000E+2	6,114616E-1
9,015625E+2	6,123050E-1
9,031250E+2	6,138618E-1
9,046875E+2	6,149994E-1
9,062500E+2	6,164250E-1
9,078125E+2	6,174822E-1
9,093750E+2	6,189615E-1
9,109375E+2	6,201173E-1
9,125000E+2	6,217213E-1
9,140625E+2	6,230208E-1
9,156250E+2	6,242645E-1
9,171875E+2	6,252527E-1
9,187500E+2	6,264470E-1
9,203125E+2	6,274087E-1
9,218750E+2	6,285473E-1
9,234375E+2	6,294564E-1
9,250000E+2	6,303354E-1
9,265625E+2	6,310111E-1
9,281250E+2	6,317755E-1
9,296875E+2	6,323360E-1
9,312500E+2	6,326952E-1
9,328125E+2	6,328568E-1
9,343750E+2	6,331549E-1
9,359375E+2	6,332721E-1
9,375000E+2	6,331206E-1
9,390625E+2	6,327766E-1
9,406250E+2	6,324410E-1
9,421875E+2	6,319072E-1
9,437500E+2	6,313094E-1
9,453125E+2	6,305290E-1
9,468750E+2	6,297998E-1
9,484375E+2	6,287064E-1
9,500000E+2	6,221556E-1
9,515625E+2	6,135464E-1
9,531250E+2	6,115564E-1
9,546875E+2	6,093358E-1
9,562500E+2	6,069789E-1
9,578125E+2	6,043633E-1
9,593750E+2	6,020415E-1
9,609375E+2	5,994505E-1
9,625000E+2	5,961252E-1
9,640625E+2	5,924384E-1
9,656250E+2	5,899845E-1
9,671875E+2	5,873009E-1
9,687500E+2	5,843028E-1
9,703125E+2	5,809971E-1
9,718750E+2	5,778263E-1
9,734375E+2	5,743548E-1
9,750000E+2	5,718149E-1
9,765625E+2	5,689923E-1
9,781250E+2	5,645380E-1
9,796875E+2	5,596280E-1
9,812500E+2	5,584113E-1
9,828125E+2	5,569904E-1
9,843750E+2	5,523164E-1
9,859375E+2	5,471436E-1
9,875000E+2	5,457795E-1
9,890625E+2	5,442617E-1
9,906250E+2	5,411679E-1
9,921875E+2	5,377883E-1
9,937500E+2	5,353161E-1
9,953125E+2	5,326138E-1
9,968750E+2	5,301717E-1
9,984375E+2	5,275022E-1
1,000000E+3	5,251165E-1
1,001562E+3	5,225100E-1
1,003125E+3	5,206029E-1
1,004687E+3	5,185102E-1
1,006250E+3	5,161128E-1
1,007812E+3	5,134825E-1
1,009375E+3	5,120630E-1
1,010937E+3	5,105003E-1
1,012500E+3	5,086691E-1
1,014062E+3	5,066590E-1
1,015625E+3	5,053622E-1
1,017187E+3	5,039288E-1
1,018750E+3	5,026557E-1
1,020312E+3	5,012318E-1
1,021875E+3	5,001133E-1
1,023437E+3	4,988696E-1
1,025000E+3	4,979602E-1
1,026562E+3	4,969279E-1
1,028125E+3	4,961720E-1
1,029687E+3	4,953003E-1
1,031250E+3	4,947355E-1
1,032812E+3	4,940724E-1
1,034375E+3	4,936272E-1
1,035937E+3	4,930862E-1
1,037500E+3	4,928422E-1
1,039062E+3	4,925053E-1
1,040625E+3	4,924032E-1
1,042187E+3	4,922205E-1
1,043750E+3	4,923166E-1
1,045312E+3	4,923335E-1
1,046875E+3	4,925882E-1
1,048437E+3	4,927671E-1
1,050000E+3	4,930989E-1
1,051562E+3	4,933644E-1
1,053125E+3	4,938681E-1
1,054687E+3	4,943066E-1
1,056250E+3	4,950333E-1
1,057812E+3	4,956856E-1
1,059375E+3	4,964029E-1
1,060937E+3	4,970590E-1
1,062500E+3	4,977845E-1
1,064062E+3	4,984730E-1
1,065625E+3	4,993470E-1
1,067187E+3	5,001776E-1
1,068750E+3	5,012808E-1
1,070312E+3	5,023209E-1
1,071875E+3	5,033490E-1
1,073437E+3	5,043350E-1
1,075000E+3	5,056457E-1
1,076562E+3	5,068922E-1
1,078125E+3	5,082363E-1
1,079687E+3	5,095150E-1
1,081250E+3	5,106413E-1
1,082812E+3	5,117293E-1
1,084375E+3	5,129738E-1
1,085937E+3	5,141709E-1
1,087500E+3	5,153103E-1
1,089062E+3	5,164051E-1
1,090625E+3	5,175421E-1
1,092187E+3	5,186417E-1
1,093750E+3	5,197989E-1
1,095312E+3	5,210119E-1
1,096875E+3	5,244161E-1
1,098437E+3	5,275372E-1
1,100000E+3	5,295005E-1
1,101562E+3	5,312774E-1
1,103125E+3	5,312594E-1
1,104687E+3	5,312429E-1
1,106250E+3	5,312414E-1
1,107812E+3	5,312404E-1
1,109375E+3	5,312428E-1
1,110937E+3	5,312470E-1
1,112500E+3	5,313033E-1
1,114062E+3	5,315424E-1
1,115625E+3	5,359909E-1
1,117187E+3	5,398287E-1
1,118750E+3	5,402381E-1
1,120312E+3	5,406594E-1
1,121875E+3	5,417287E-1
1,123437E+3	5,427531E-1
1,125000E+3	5,439570E-1
1,126562E+3	5,450842E-1
1,128125E+3	5,459667E-1
1,129687E+3	5,468048E-1
1,131250E+3	5,476900E-1
1,132812E+3	5,485328E-1
1,134375E+3	5,495347E-1
1,135937E+3	5,504870E-1
1,137500E+3	5,515009E-1
1,139062E+3	5,524577E-1
1,140625E+3	5,534585E-1
1,142187E+3	5,544067E-1
1,143750E+3	5,554197E-1
1,145312E+3	5,563821E-1
1,146875E+3	5,575158E-1
1,148437E+3	5,585915E-1
1,150000E+3	5,597295E-1
1,151562E+3	5,608113E-1
1,153125E+3	5,620079E-1
1,154687E+3	5,631492E-1
1,156250E+3	5,644869E-1
1,157812E+3	5,657628E-1
1,159375E+3	5,671226E-1
1,160937E+3	5,684222E-1
1,162500E+3	5,698903E-1
1,164062E+3	5,712977E-1
1,165625E+3	5,729045E-1
1,167187E+3	5,744461E-1
1,168750E+3	5,761600E-1
1,170312E+3	5,778006E-1
1,171875E+3	5,795336E-1
1,173437E+3	5,811998E-1
1,175000E+3	5,830495E-1
1,176562E+3	5,848267E-1
1,178125E+3	5,868549E-1
1,179687E+3	5,888074E-1
1,181250E+3	5,909331E-1
1,182812E+3	5,929727E-1
1,184375E+3	5,950685E-1
1,185937E+3	5,970892E-1
1,187500E+3	5,993586E-1
1,189062E+3	6,015461E-1
1,190625E+3	6,039716E-1
1,192187E+3	6,063055E-1
1,193750E+3	6,087370E-1
1,195312E+3	6,110765E-1
1,196875E+3	6,135905E-1
1,198437E+3	6,160122E-1
1,200000E+3	6,186437E-1
1,201562E+3	6,211711E-1
1,203125E+3	6,237103E-1
1,204687E+3	6,261634E-1
1,206250E+3	6,289268E-1
1,207812E+3	6,315818E-1
1,209375E+3	6,343358E-1
1,210937E+3	6,369870E-1
1,212500E+3	6,397840E-1
1,214062E+3	6,424687E-1
1,215625E+3	6,451592E-1
1,217187E+3	6,477658E-1
1,218750E+3	6,508301E-1
1,220312E+3	6,537732E-1
1,221875E+3	6,568708E-1
1,223437E+3	6,598530E-1
1,225000E+3	6,632464E-1
1,226562E+3	6,665323E-1
1,228125E+3	6,708030E-1
1,229687E+3	6,747755E-1
1,231250E+3	6,775119E-1
1,232812E+3	6,801343E-1
1,234375E+3	6,826021E-1
1,235937E+3	6,849845E-1
1,237500E+3	6,875486E-1
1,239062E+3	6,900127E-1
1,240625E+3	6,924448E-1
1,242187E+3	6,947877E-1
1,243750E+3	6,972022E-1
1,245312E+3	6,995222E-1
1,246875E+3	7,018245E-1
1,248437E+3	7,040320E-1
1,250000E+3	7,061234E-1
1,251562E+3	7,081337E-1
1,253125E+3	7,101435E-1
1,254687E+3	7,120665E-1
1,256250E+3	7,138199E-1
1,257812E+3	7,154988E-1
1,259375E+3	7,170887E-1
1,260937E+3	7,186035E-1
1,262500E+3	7,199072E-1
1,264062E+3	7,211436E-1
1,265625E+3	7,221900E-1
1,267187E+3	7,231754E-1
1,268750E+3	7,239819E-1
1,270312E+3	7,247257E-1
1,271875E+3	7,251549E-1
1,273437E+3	7,255323E-1
1,275000E+3	7,256730E-1
1,276562E+3	7,257623E-1
1,278125E+3	7,255319E-1
1,279687E+3	7,252551E-1
1,281250E+3	7,247079E-1
1,282812E+3	7,241174E-1
1,284375E+3	7,232334E-1
1,285937E+3	7,223144E-1
1,287500E+3	7,212405E-1
1,289062E+3	7,201362E-1
1,290625E+3	7,190226E-1
1,292187E+3	7,178745E-1
1,293750E+3	7,166735E-1
1,295312E+3	7,154501E-1
1,296875E+3	7,144774E-1
1,298437E+3	7,134755E-1
1,300000E+3	7,126907E-1
1,301562E+3	7,118710E-1
1,303125E+3	7,112392E-1
1,304687E+3	7,105640E-1
1,306250E+3	7,098305E-1
1,307812E+3	7,090406E-1
1,309375E+3	7,079075E-1
1,310937E+3	7,067148E-1
1,312500E+3	7,049816E-1
1,314062E+3	7,031995E-1
1,315625E+3	7,010220E-1
1,317187E+3	6,988126E-1
1,318750E+3	6,964197E-1
1,320312E+3	6,939975E-1
1,321875E+3	6,914978E-1
1,323437E+3	6,889719E-1
1,325000E+3	6,865209E-1
1,326562E+3	6,840435E-1
1,328125E+3	6,815899E-1
1,329687E+3	6,790970E-1
1,331250E+3	6,766414E-1
1,332812E+3	6,741498E-1
1,334375E+3	6,720914E-1
1,335937E+3	6,699859E-1
1,337500E+3	6,678209E-1
1,339062E+3	6,656045E-1
1,340625E+3	6,636429E-1
1,342187E+3	6,616243E-1
1,343750E+3	6,597897E-1
1,345312E+3	6,578874E-1
1,346875E+3	6,561304E-1
1,348437E+3	6,542929E-1
1,350000E+3	6,526553E-1
1,351562E+3	6,509250E-1
1,353125E+3	6,494582E-1
1,354687E+3	6,478809E-1
1,356250E+3	6,465612E-1
1,357812E+3	6,451300E-1
1,359375E+3	6,439934E-1
1,360937E+3	6,427310E-1
1,362500E+3	6,416604E-1
1,364062E+3	6,404557E-1
1,365625E+3	6,396924E-1
1,367187E+3	6,387437E-1
1,368750E+3	6,375677E-1
1,370312E+3	6,361819E-1
1,371875E+3	6,355680E-1
1,373437E+3	6,346243E-1
1,375000E+3	6,340633E-1
1,376562E+3	6,326751E-1
1,378125E+3	6,322288E-1
1,379687E+3	6,316752E-1
1,381250E+3	6,313232E-1
1,382812E+3	6,308981E-1
1,384375E+3	6,305566E-1
1,385937E+3	6,300897E-1
1,387500E+3	6,297826E-1
1,389062E+3	6,291865E-1
1,390625E+3	6,289385E-1
1,392187E+3	6,283182E-1
1,393750E+3	6,280759E-1
1,395312E+3	6,275060E-1
1,396875E+3	6,272727E-1
1,398437E+3	6,266409E-1
1,400000E+3	6,264123E-1
1,401562E+3	6,257434E-1
1,403125E+3	6,255101E-1
1,404687E+3	6,247916E-1
1,406250E+3	6,245380E-1
1,407812E+3	6,238098E-1
1,409375E+3	6,235149E-1
1,410937E+3	6,227013E-1
1,412500E+3	6,224056E-1
1,414062E+3	6,215810E-1
1,415625E+3	6,212436E-1
1,417187E+3	6,203336E-1
1,418750E+3	6,199548E-1
1,420312E+3	6,189655E-1
1,421875E+3	6,185828E-1
1,423437E+3	6,175175E-1
1,425000E+3	6,170926E-1
1,426562E+3	6,159179E-1
1,428125E+3	6,154742E-1
1,429687E+3	6,143501E-1
1,431250E+3	6,139261E-1
1,432812E+3	6,126375E-1
1,434375E+3	6,121991E-1
1,435937E+3	6,109430E-1
1,437500E+3	6,104962E-1
1,439062E+3	6,090712E-1
1,440625E+3	6,086351E-1
1,442187E+3	6,073128E-1
1,443750E+3	6,069073E-1
1,445312E+3	6,054977E-1
1,446875E+3	6,051380E-1
1,448437E+3	6,038180E-1
1,450000E+3	6,034495E-1
1,451562E+3	6,019656E-1
1,453125E+3	6,016915E-1
1,454687E+3	6,004653E-1
1,456250E+3	6,002387E-1
1,457812E+3	5,990405E-1
1,459375E+3	5,988917E-1
1,460937E+3	5,977780E-1
1,462500E+3	5,976771E-1
1,464062E+3	5,966064E-1
1,465625E+3	5,965986E-1
1,467187E+3	5,957321E-1
1,468750E+3	5,957914E-1
1,470312E+3	5,950892E-1
1,471875E+3	5,952579E-1
1,473437E+3	5,946063E-1
1,475000E+3	5,948670E-1
1,476562E+3	5,944316E-1
1,478125E+3	5,948226E-1
1,479687E+3	5,946088E-1
1,481250E+3	5,950950E-1
1,482812E+3	5,950124E-1
1,484375E+3	5,956503E-1
1,485937E+3	5,957611E-1
1,487500E+3	5,965300E-1
1,489062E+3	5,967988E-1
1,490625E+3	5,976883E-1
1,492187E+3	5,981678E-1
1,493750E+3	5,991896E-1
1,495312E+3	5,998672E-1
1,496875E+3	6,010503E-1
1,498437E+3	6,018933E-1
1,500000E+3	6,032097E-1
1,501562E+3	6,042357E-1
1,503125E+3	6,056988E-1
1,504687E+3	6,069178E-1
1,506250E+3	6,085020E-1
1,507812E+3	6,098572E-1
1,509375E+3	6,115464E-1
1,510937E+3	6,130665E-1
1,512500E+3	6,150000E-1
1,514062E+3	6,167563E-1
1,515625E+3	6,187440E-1
1,517187E+3	6,205898E-1
1,518750E+3	6,227256E-1
1,520312E+3	6,247402E-1
1,521875E+3	6,270342E-1
1,523437E+3	6,292115E-1
1,525000E+3	6,315042E-1
1,526562E+3	6,337094E-1
1,528125E+3	6,360425E-1
1,529687E+3	6,383197E-1
1,531250E+3	6,410653E-1
1,532812E+3	6,437141E-1
1,534375E+3	6,461906E-1
1,535937E+3	6,486228E-1
1,537500E+3	6,512995E-1
1,539062E+3	6,539250E-1
1,540625E+3	6,566442E-1
1,542187E+3	6,593201E-1
1,543750E+3	6,620612E-1
1,545312E+3	6,647604E-1
1,546875E+3	6,674778E-1
1,548437E+3	6,701621E-1
1,550000E+3	6,728975E-1
1,551562E+3	6,755998E-1
1,553125E+3	6,782893E-1
1,554687E+3	6,809460E-1
1,556250E+3	6,835434E-1
1,557812E+3	6,861099E-1
1,559375E+3	6,886035E-1
1,560937E+3	6,910664E-1
1,562500E+3	6,934479E-1
1,564062E+3	6,957999E-1
1,565625E+3	6,980615E-1
1,567187E+3	7,002877E-1
1,568750E+3	7,023165E-1
1,570312E+3	7,043130E-1
1,571875E+3	7,061575E-1
1,573437E+3	7,079645E-1
1,575000E+3	7,095473E-1
1,576562E+3	7,110965E-1
1,578125E+3	7,125019E-1
1,579687E+3	7,138437E-1
1,581250E+3	7,147081E-1
1,582812E+3	7,155408E-1
1,584375E+3	7,158810E-1
1,585937E+3	7,160310E-1
1,587500E+3	7,161481E-1
1,589062E+3	7,162098E-1
1,590625E+3	7,159407E-1
1,592187E+3	7,156101E-1
1,593750E+3	7,150609E-1
1,595312E+3	7,144412E-1
1,596875E+3	7,134894E-1
1,598437E+3	7,124607E-1
1,600000E+3	7,112912E-1
1,601562E+3	7,100393E-1
1,603125E+3	7,085523E-1
1,604687E+3	7,069796E-1
1,606250E+3	7,053911E-1
1,607812E+3	7,037077E-1
1,609375E+3	7,017468E-1
1,610937E+3	6,996835E-1
1,612500E+3	6,976842E-1
1,614062E+3	6,955804E-1
1,615625E+3	6,933384E-1
1,617187E+3	6,909876E-1
1,618750E+3	6,886976E-1
1,620312E+3	6,862902E-1
1,621875E+3	6,839220E-1
1,623437E+3	6,814358E-1
1,625000E+3	6,789707E-1
1,626562E+3	6,763850E-1
1,628125E+3	6,739388E-1
1,629687E+3	6,713621E-1
1,631250E+3	6,686084E-1
1,632812E+3	6,656959E-1
1,634375E+3	6,625245E-1
1,635937E+3	6,591904E-1
1,637500E+3	6,566771E-1
1,639062E+3	6,540474E-1
1,640625E+3	6,518781E-1
1,642187E+3	6,496366E-1
1,643750E+3	6,483484E-1
1,645312E+3	6,470004E-1
1,646875E+3	6,454464E-1
1,648437E+3	6,437837E-1
1,650000E+3	6,411382E-1
1,651562E+3	6,383678E-1
1,653125E+3	6,365162E-1
1,654687E+3	6,345603E-1
1,656250E+3	6,324617E-1
1,657812E+3	6,302593E-1
1,659375E+3	6,284011E-1
1,660937E+3	6,264564E-1
1,662500E+3	6,249740E-1
1,664062E+3	6,234028E-1
1,665625E+3	6,215416E-1
1,667187E+3	6,195837E-1
1,668750E+3	6,181445E-1
1,670312E+3	6,166271E-1
1,671875E+3	6,153301E-1
1,673437E+3	6,139562E-1
1,675000E+3	6,125613E-1
1,676562E+3	6,110833E-1
1,678125E+3	6,098189E-1
1,679687E+3	6,084843E-1
1,681250E+3	6,074255E-1
1,682812E+3	6,062990E-1
1,684375E+3	6,052316E-1
1,685937E+3	6,040932E-1
1,687500E+3	6,030719E-1
1,689062E+3	6,019855E-1
1,690625E+3	6,009436E-1
1,692187E+3	5,998300E-1
1,693750E+3	5,988973E-1
1,695312E+3	5,979070E-1
1,696875E+3	5,969784E-1
1,698437E+3	5,959843E-1
1,700000E+3	5,949887E-1
1,701562E+3	5,939297E-1
1,703125E+3	5,930418E-1
1,704687E+3	5,920973E-1
1,706250E+3	5,912348E-1
1,707812E+3	5,903076E-1
1,709375E+3	5,893653E-1
1,710937E+3	5,883646E-1
1,712500E+3	5,874467E-1
1,714062E+3	5,864707E-1
1,715625E+3	5,855485E-1
1,717187E+3	5,845664E-1
1,718750E+3	5,836471E-1
1,720312E+3	5,826642E-1
1,721875E+3	5,815877E-1
1,723437E+3	5,804510E-1
1,725000E+3	5,793972E-1
1,726562E+3	5,782885E-1
1,728125E+3	5,772744E-1
1,729687E+3	5,762041E-1
1,731250E+3	5,751390E-1
1,732812E+3	5,740192E-1
1,734375E+3	5,729872E-1
1,735937E+3	5,719019E-1
1,737500E+3	5,708167E-1
1,739062E+3	5,696749E-1
1,740625E+3	5,685174E-1
1,742187E+3	5,673068E-1
1,743750E+3	5,661735E-1
1,745312E+3	5,649853E-1
1,746875E+3	5,637312E-1
1,748437E+3	5,624210E-1
1,750000E+3	5,612968E-1
1,751562E+3	5,601201E-1
1,753125E+3	5,590332E-1
1,754687E+3	5,578977E-1
1,756250E+3	5,568492E-1
1,757812E+3	5,557603E-1
1,759375E+3	5,548393E-1
1,760937E+3	5,538712E-1
1,762500E+3	5,527076E-1
1,764062E+3	5,514851E-1
1,765625E+3	5,504415E-1
1,767187E+3	5,493368E-1
1,768750E+3	5,482653E-1
1,770312E+3	5,471290E-1
1,771875E+3	5,461522E-1
1,773437E+3	5,451152E-1
1,775000E+3	5,443527E-1
1,776562E+3	5,435281E-1
1,778125E+3	5,427536E-1
1,779687E+3	5,419250E-1
1,781250E+3	5,414337E-1
1,782812E+3	5,408804E-1
1,784375E+3	5,404219E-1
1,785937E+3	5,399339E-1
1,787500E+3	5,395334E-1
1,789062E+3	5,390903E-1
1,790625E+3	5,388528E-1
1,792187E+3	5,385624E-1
1,793750E+3	5,384281E-1
1,795312E+3	5,382386E-1
1,796875E+3	5,382601E-1
1,798437E+3	5,382197E-1
1,800000E+3	5,382793E-1
1,801562E+3	5,382919E-1
1,803125E+3	5,385313E-1
1,804687E+3	5,387188E-1
1,806250E+3	5,390628E-1
1,807812E+3	5,393436E-1
1,809375E+3	5,398447E-1
1,810937E+3	5,402896E-1
1,812500E+3	5,410173E-1
1,814062E+3	5,416764E-1
1,815625E+3	5,425376E-1
1,817187E+3	5,433255E-1
1,818750E+3	5,443879E-1
1,820312E+3	5,453597E-1
1,821875E+3	5,464029E-1
1,823437E+3	5,473768E-1
1,825000E+3	5,486169E-1
1,826562E+3	5,498122E-1
1,828125E+3	5,519742E-1
1,829687E+3	5,539391E-1
1,831250E+3	5,554358E-1
1,832812E+3	5,568251E-1
1,834375E+3	5,577696E-1
1,835937E+3	5,587312E-1
1,837500E+3	5,610435E-1
1,839062E+3	5,632512E-1
1,840625E+3	5,667486E-1
1,842187E+3	5,698884E-1
1,843750E+3	5,712693E-1
1,845312E+3	5,726075E-1
1,846875E+3	5,743449E-1
1,848437E+3	5,761590E-1
1,850000E+3	5,815188E-1
1,851562E+3	5,862160E-1
1,853125E+3	5,869288E-1
1,854687E+3	5,876466E-1
1,856250E+3	5,889206E-1
1,857812E+3	5,904892E-1
1,859375E+3	5,996599E-1
1,860937E+3	6,074646E-1
1,862500E+3	6,100394E-1
1,864062E+3	6,125073E-1
1,865625E+3	6,153394E-1
1,867187E+3	6,180823E-1
1,868750E+3	6,219136E-1
1,870312E+3	6,254079E-1
1,871875E+3	6,262238E-1
1,873437E+3	6,270148E-1
1,875000E+3	6,275127E-1
1,876562E+3	6,282947E-1
1,878125E+3	6,357175E-1
1,879687E+3	6,423688E-1
1,881250E+3	6,474613E-1
1,882812E+3	6,524442E-1
1,884375E+3	6,637918E-1
1,885937E+3	6,734686E-1
1,887500E+3	6,770678E-1
1,889062E+3	6,804875E-1
1,890625E+3	6,839418E-1
1,892187E+3	6,872242E-1
1,893750E+3	6,905142E-1
1,895312E+3	6,936433E-1
1,896875E+3	6,967087E-1
1,898437E+3	6,996254E-1
1,900000E+3	7,024717E-1
1,901562E+3	7,051799E-1
1,903125E+3	7,077454E-1
1,904687E+3	7,101801E-1
1,906250E+3	7,123273E-1
1,907812E+3	7,143644E-1
1,909375E+3	7,161766E-1
1,910937E+3	7,178838E-1
1,912500E+3	7,192061E-1
1,914062E+3	7,204383E-1
1,915625E+3	7,212152E-1
1,917187E+3	7,219078E-1
1,918750E+3	7,221072E-1
1,920312E+3	7,222502E-1
