Sample 2 - Real_Frequency [Hz]	Reflexion Coefficient on Cavity	Sample 2 - Imag_Frequency [Hz]	Reflexion Coefficient on Cavity	
6,875000E+1	9,041550E-1	6,875000E+1	-1,547491E-1
7,031250E+1	8,993487E-1	7,031250E+1	-1,540132E-1
7,187500E+1	9,008784E-1	7,187500E+1	-1,411688E-1
7,343750E+1	9,020667E-1	7,343750E+1	-1,310933E-1
7,500000E+1	8,974536E-1	7,500000E+1	-1,839276E-1
7,656250E+1	8,910372E-1	7,656250E+1	-2,291423E-1
7,812500E+1	8,909720E-1	7,812500E+1	-2,228244E-1
7,968750E+1	8,911119E-1	7,968750E+1	-2,155157E-1
8,125000E+1	8,853876E-1	8,125000E+1	-2,045302E-1
8,281250E+1	8,805379E-1	8,281250E+1	-1,932921E-1
8,437500E+1	8,789356E-1	8,437500E+1	-1,830848E-1
8,593750E+1	8,784261E-1	8,593750E+1	-1,739824E-1
8,750000E+1	8,924720E-1	8,750000E+1	-1,948906E-1
8,906250E+1	9,053015E-1	8,906250E+1	-2,144406E-1
9,062500E+1	8,993236E-1	9,062500E+1	-2,245165E-1
9,218750E+1	8,941443E-1	9,218750E+1	-2,329189E-1
9,375000E+1	8,942337E-1	9,375000E+1	-2,281733E-1
9,531250E+1	8,944082E-1	9,531250E+1	-2,239339E-1
9,687500E+1	8,903442E-1	9,687500E+1	-2,351554E-1
9,843750E+1	8,867749E-1	9,843750E+1	-2,450041E-1
1,000000E+2	8,865365E-1	1,000000E+2	-2,475280E-1
1,015625E+2	8,864268E-1	1,015625E+2	-2,498477E-1
1,031250E+2	8,847506E-1	1,031250E+2	-2,594741E-1
1,046875E+2	8,831930E-1	1,046875E+2	-2,678349E-1
1,062500E+2	8,797181E-1	1,062500E+2	-2,683193E-1
1,078125E+2	8,766590E-1	1,078125E+2	-2,687467E-1
1,093750E+2	8,754759E-1	1,093750E+2	-2,781676E-1
1,109375E+2	8,744494E-1	1,109375E+2	-2,863823E-1
1,125000E+2	8,733959E-1	1,125000E+2	-2,878938E-1
1,140625E+2	8,725832E-1	1,140625E+2	-2,887803E-1
1,156250E+2	8,722783E-1	1,156250E+2	-2,866359E-1
1,171875E+2	8,718604E-1	1,171875E+2	-2,851682E-1
1,187500E+2	8,648081E-1	1,187500E+2	-3,069099E-1
1,203125E+2	8,582118E-1	1,203125E+2	-3,258332E-1
1,218750E+2	8,568288E-1	1,218750E+2	-3,254990E-1
1,234375E+2	8,556633E-1	1,234375E+2	-3,249803E-1
1,250000E+2	8,539388E-1	1,250000E+2	-3,296014E-1
1,265625E+2	8,522999E-1	1,265625E+2	-3,336816E-1
1,281250E+2	8,466981E-1	1,281250E+2	-3,407400E-1
1,296875E+2	8,416876E-1	1,296875E+2	-3,467105E-1
1,312500E+2	8,390812E-1	1,312500E+2	-3,472643E-1
1,328125E+2	8,364311E-1	1,328125E+2	-3,479587E-1
1,343750E+2	8,253292E-1	1,343750E+2	-3,619425E-1
1,359375E+2	8,155262E-1	1,359375E+2	-3,737004E-1
1,375000E+2	8,152188E-1	1,375000E+2	-3,684664E-1
1,390625E+2	8,148736E-1	1,390625E+2	-3,633352E-1
1,406250E+2	8,099061E-1	1,406250E+2	-3,644086E-1
1,421875E+2	8,055686E-1	1,421875E+2	-3,650558E-1
1,437500E+2	8,045511E-1	1,437500E+2	-3,660794E-1
1,453125E+2	8,039249E-1	1,453125E+2	-3,668036E-1
1,468750E+2	8,063671E-1	1,468750E+2	-3,713598E-1
1,484375E+2	8,088640E-1	1,484375E+2	-3,751291E-1
1,500000E+2	8,109847E-1	1,500000E+2	-3,755360E-1
1,515625E+2	8,131519E-1	1,515625E+2	-3,755967E-1
1,531250E+2	8,140354E-1	1,531250E+2	-3,779201E-1
1,546875E+2	8,149485E-1	1,546875E+2	-3,799876E-1
1,562500E+2	8,126220E-1	1,562500E+2	-3,888856E-1
1,578125E+2	8,106078E-1	1,578125E+2	-3,965929E-1
1,593750E+2	8,083017E-1	1,593750E+2	-3,999621E-1
1,609375E+2	8,063559E-1	1,609375E+2	-4,028110E-1
1,625000E+2	8,040439E-1	1,625000E+2	-4,081074E-1
1,640625E+2	8,020567E-1	1,640625E+2	-4,127055E-1
1,656250E+2	7,984795E-1	1,656250E+2	-4,189162E-1
1,671875E+2	7,954794E-1	1,671875E+2	-4,241679E-1
1,687500E+2	7,943745E-1	1,687500E+2	-4,269575E-1
1,703125E+2	7,934944E-1	1,703125E+2	-4,292436E-1
1,718750E+2	7,897767E-1	1,718750E+2	-4,338181E-1
1,734375E+2	7,866453E-1	1,734375E+2	-4,375695E-1
1,750000E+2	7,844577E-1	1,750000E+2	-4,396517E-1
1,765625E+2	7,829120E-1	1,765625E+2	-4,408903E-1
1,781250E+2	7,859986E-1	1,781250E+2	-4,356065E-1
1,796875E+2	7,884647E-1	1,796875E+2	-4,312945E-1
1,812500E+2	7,750098E-1	1,812500E+2	-4,533301E-1
1,828125E+2	7,635003E-1	1,828125E+2	-4,716987E-1
1,843750E+2	7,605444E-1	1,843750E+2	-4,749727E-1
1,859375E+2	7,579860E-1	1,859375E+2	-4,779038E-1
1,875000E+2	7,512860E-1	1,875000E+2	-4,883887E-1
1,890625E+2	7,458937E-1	1,890625E+2	-4,969110E-1
1,906250E+2	7,474692E-1	1,906250E+2	-4,931280E-1
1,921875E+2	7,493442E-1	1,921875E+2	-4,890320E-1
1,937500E+2	7,531283E-1	1,937500E+2	-4,828338E-1
1,953125E+2	7,566214E-1	1,953125E+2	-4,769757E-1
1,968750E+2	7,520095E-1	1,968750E+2	-4,823791E-1
1,984375E+2	7,477287E-1	1,984375E+2	-4,875907E-1
2,000000E+2	7,323917E-1	2,000000E+2	-5,086894E-1
2,015625E+2	7,200933E-1	2,015625E+2	-5,256906E-1
2,031250E+2	7,176479E-1	2,031250E+2	-5,277722E-1
2,046875E+2	7,161005E-1	2,046875E+2	-5,289555E-1
2,062500E+2	7,185278E-1	2,062500E+2	-5,238009E-1
2,078125E+2	7,209481E-1	2,078125E+2	-5,187510E-1
2,093750E+2	7,190140E-1	2,093750E+2	-5,195257E-1
2,109375E+2	7,175227E-1	2,109375E+2	-5,200541E-1
2,125000E+2	7,108211E-1	2,125000E+2	-5,266827E-1
2,140625E+2	7,052071E-1	2,140625E+2	-5,324737E-1
2,156250E+2	6,916046E-1	2,156250E+2	-5,454718E-1
2,171875E+2	6,817484E-1	2,171875E+2	-5,555578E-1
2,187500E+2	6,853199E-1	2,187500E+2	-5,497606E-1
2,203125E+2	6,883493E-1	2,203125E+2	-5,444989E-1
2,218750E+2	6,766699E-1	2,218750E+2	-5,540221E-1
2,234375E+2	6,684507E-1	2,234375E+2	-5,614726E-1
2,250000E+2	6,695998E-1	2,250000E+2	-5,580311E-1
2,265625E+2	6,708342E-1	2,265625E+2	-5,547304E-1
2,281250E+2	6,640131E-1	2,281250E+2	-5,588127E-1
2,296875E+2	6,587412E-1	2,296875E+2	-5,624948E-1
2,312500E+2	6,430571E-1	2,312500E+2	-5,740904E-1
2,328125E+2	6,332827E-1	2,328125E+2	-5,834745E-1
2,343750E+2	6,343707E-1	2,343750E+2	-5,799375E-1
2,359375E+2	6,352649E-1	2,359375E+2	-5,768161E-1
2,375000E+2	6,201989E-1	2,375000E+2	-5,853741E-1
2,390625E+2	6,114383E-1	2,390625E+2	-5,932567E-1
2,406250E+2	6,102524E-1	2,406250E+2	-5,909846E-1
2,421875E+2	6,098140E-1	2,421875E+2	-5,891176E-1
2,437500E+2	6,005470E-1	2,437500E+2	-5,920660E-1
2,453125E+2	5,954597E-1	2,453125E+2	-5,958351E-1
2,468750E+2	5,962052E-1	2,468750E+2	-5,915831E-1
2,484375E+2	5,977541E-1	2,484375E+2	-5,876785E-1
2,500000E+2	6,021396E-1	2,500000E+2	-5,808071E-1
2,515625E+2	6,066132E-1	2,515625E+2	-5,740390E-1
2,531250E+2	6,113412E-1	2,531250E+2	-5,669034E-1
2,546875E+2	6,161106E-1	2,546875E+2	-5,598374E-1
2,562500E+2	6,209800E-1	2,562500E+2	-5,525943E-1
2,578125E+2	6,231984E-1	2,578125E+2	-5,447919E-1
2,593750E+2	5,481953E-1	2,593750E+2	-5,530877E-1
2,609375E+2	5,033503E-1	2,609375E+2	-6,271997E-1
2,625000E+2	4,503790E-1	2,625000E+2	-6,351864E-1
2,640625E+2	3,772313E-1	2,640625E+2	-6,779602E-1
2,656250E+2	3,840732E-1	2,656250E+2	-6,731273E-1
2,671875E+2	3,908437E-1	2,671875E+2	-6,682334E-1
2,687500E+2	3,974685E-1	2,687500E+2	-6,629824E-1
2,703125E+2	4,040120E-1	2,703125E+2	-6,576850E-1
2,718750E+2	4,104445E-1	2,718750E+2	-6,524136E-1
2,734375E+2	4,167981E-1	2,734375E+2	-6,470923E-1
2,750000E+2	4,230555E-1	2,750000E+2	-6,415876E-1
2,765625E+2	4,292285E-1	2,765625E+2	-6,360419E-1
2,781250E+2	4,352879E-1	2,781250E+2	-6,305209E-1
2,796875E+2	4,391813E-1	2,796875E+2	-6,254228E-1
2,812500E+2	3,842489E-1	2,812500E+2	-6,349978E-1
2,828125E+2	3,102154E-1	2,828125E+2	-6,536185E-1
2,843750E+2	3,150900E-1	2,843750E+2	-6,495127E-1
2,859375E+2	3,198681E-1	2,859375E+2	-6,453938E-1
2,875000E+2	3,240842E-1	2,875000E+2	-6,413253E-1
2,890625E+2	3,281913E-1	2,890625E+2	-6,372468E-1
2,906250E+2	3,316480E-1	2,906250E+2	-6,329114E-1
2,921875E+2	3,344966E-1	2,921875E+2	-6,286178E-1
2,937500E+2	3,247256E-1	2,937500E+2	-6,251821E-1
2,953125E+2	3,142862E-1	2,953125E+2	-6,219266E-1
2,968750E+2	3,123775E-1	2,968750E+2	-6,181724E-1
2,984375E+2	3,102504E-1	2,984375E+2	-6,145152E-1
3,000000E+2	3,098887E-1	3,000000E+2	-6,106753E-1
3,015625E+2	3,094228E-1	3,015625E+2	-6,069020E-1
3,031250E+2	3,112915E-1	3,031250E+2	-6,029304E-1
3,046875E+2	3,127706E-1	3,046875E+2	-5,990260E-1
3,062500E+2	3,074328E-1	3,062500E+2	-5,960049E-1
3,078125E+2	3,019540E-1	3,078125E+2	-5,931163E-1
3,093750E+2	3,038201E-1	3,093750E+2	-5,895699E-1
3,109375E+2	3,054154E-1	3,109375E+2	-5,861090E-1
3,125000E+2	3,026861E-1	3,125000E+2	-5,838658E-1
3,140625E+2	2,998336E-1	3,140625E+2	-5,817701E-1
3,156250E+2	2,998563E-1	3,156250E+2	-5,794286E-1
3,171875E+2	2,997594E-1	3,171875E+2	-5,771983E-1
3,187500E+2	2,995966E-1	3,187500E+2	-5,752647E-1
3,203125E+2	2,992073E-1	3,203125E+2	-5,735193E-1
3,218750E+2	2,959749E-1	3,218750E+2	-5,736909E-1
3,234375E+2	2,927196E-1	3,234375E+2	-5,740419E-1
3,250000E+2	2,936570E-1	3,250000E+2	-5,724473E-1
3,265625E+2	2,943854E-1	3,265625E+2	-5,710232E-1
3,281250E+2	2,915259E-1	3,281250E+2	-5,716803E-1
3,296875E+2	2,885950E-1	3,296875E+2	-5,725396E-1
3,312500E+2	2,876914E-1	3,312500E+2	-5,722503E-1
3,328125E+2	2,866380E-1	3,328125E+2	-5,721489E-1
3,343750E+2	2,840750E-1	3,343750E+2	-5,728632E-1
3,359375E+2	2,813262E-1	3,359375E+2	-5,738063E-1
3,375000E+2	2,772465E-1	3,375000E+2	-5,749779E-1
3,390625E+2	2,730054E-1	3,390625E+2	-5,763761E-1
3,406250E+2	2,694441E-1	3,406250E+2	-5,771087E-1
3,421875E+2	2,657026E-1	3,421875E+2	-5,780385E-1
3,437500E+2	2,615767E-1	3,437500E+2	-5,786470E-1
3,453125E+2	2,572864E-1	3,453125E+2	-5,794255E-1
3,468750E+2	2,534774E-1	3,468750E+2	-5,794681E-1
3,484375E+2	2,494795E-1	3,484375E+2	-5,796574E-1
3,500000E+2	2,450010E-1	3,500000E+2	-5,794889E-1
3,515625E+2	2,401844E-1	3,515625E+2	-5,794711E-1
3,531250E+2	2,316906E-1	3,531250E+2	-5,795020E-1
3,546875E+2	2,231051E-1	3,546875E+2	-5,796084E-1
3,562500E+2	2,209505E-1	3,562500E+2	-5,779392E-1
3,578125E+2	2,184787E-1	3,578125E+2	-5,763422E-1
3,593750E+2	2,108565E-1	3,593750E+2	-5,747424E-1
3,609375E+2	2,030535E-1	3,609375E+2	-5,731679E-1
3,625000E+2	1,974609E-1	3,625000E+2	-5,706388E-1
3,640625E+2	1,917229E-1	3,640625E+2	-5,681263E-1
3,656250E+2	1,868627E-1	3,656250E+2	-5,649747E-1
3,671875E+2	1,817956E-1	3,671875E+2	-5,618178E-1
3,687500E+2	1,752813E-1	3,687500E+2	-5,578254E-1
3,703125E+2	1,686496E-1	3,703125E+2	-5,538046E-1
3,718750E+2	1,632968E-1	3,718750E+2	-5,492328E-1
3,734375E+2	1,578465E-1	3,734375E+2	-5,446409E-1
3,750000E+2	1,531070E-1	3,750000E+2	-5,396561E-1
3,765625E+2	1,482598E-1	3,765625E+2	-5,346384E-1
3,781250E+2	1,433326E-1	3,781250E+2	-5,288774E-1
3,796875E+2	1,383448E-1	3,796875E+2	-5,230846E-1
3,812500E+2	1,340981E-1	3,812500E+2	-5,167815E-1
3,828125E+2	1,298201E-1	3,828125E+2	-5,104647E-1
3,843750E+2	1,265082E-1	3,843750E+2	-5,039388E-1
3,859375E+2	1,231671E-1	3,859375E+2	-4,974080E-1
3,875000E+2	1,205290E-1	3,875000E+2	-4,905929E-1
3,890625E+2	1,178520E-1	3,890625E+2	-4,837662E-1
3,906250E+2	1,154392E-1	3,906250E+2	-4,762778E-1
3,921875E+2	1,130182E-1	3,921875E+2	-4,688110E-1
3,937500E+2	1,114137E-1	3,937500E+2	-4,613277E-1
3,953125E+2	1,097985E-1	3,953125E+2	-4,538759E-1
3,968750E+2	1,089612E-1	3,968750E+2	-4,463955E-1
3,984375E+2	1,080982E-1	3,984375E+2	-4,389420E-1
4,000000E+2	1,077216E-1	4,000000E+2	-4,311777E-1
4,015625E+2	1,073309E-1	4,015625E+2	-4,234765E-1
4,031250E+2	1,077901E-1	4,031250E+2	-4,161456E-1
4,046875E+2	1,082145E-1	4,046875E+2	-4,088673E-1
4,062500E+2	1,092035E-1	4,062500E+2	-4,017151E-1
4,078125E+2	1,101479E-1	4,078125E+2	-3,946072E-1
4,093750E+2	1,115849E-1	4,093750E+2	-3,874355E-1
4,109375E+2	1,129685E-1	4,109375E+2	-3,803274E-1
4,125000E+2	1,148283E-1	4,125000E+2	-3,736112E-1
4,140625E+2	1,166276E-1	4,140625E+2	-3,669441E-1
4,156250E+2	1,188514E-1	4,156250E+2	-3,604989E-1
4,171875E+2	1,210025E-1	4,171875E+2	-3,541014E-1
4,187500E+2	1,234017E-1	4,187500E+2	-3,480370E-1
4,203125E+2	1,257287E-1	4,203125E+2	-3,420072E-1
4,218750E+2	1,283409E-1	4,218750E+2	-3,361671E-1
4,234375E+2	1,308753E-1	4,234375E+2	-3,303560E-1
4,250000E+2	1,336176E-1	4,250000E+2	-3,247415E-1
4,265625E+2	1,362765E-1	4,265625E+2	-3,191555E-1
4,281250E+2	1,390218E-1	4,281250E+2	-3,138858E-1
4,296875E+2	1,416885E-1	4,296875E+2	-3,086215E-1
4,312500E+2	1,444863E-1	4,312500E+2	-3,032634E-1
4,328125E+2	1,472001E-1	4,328125E+2	-2,979244E-1
4,343750E+2	1,500067E-1	4,343750E+2	-2,928344E-1
4,359375E+2	1,527404E-1	4,359375E+2	-2,877287E-1
4,375000E+2	1,557582E-1	4,375000E+2	-2,821691E-1
4,390625E+2	1,586865E-1	4,390625E+2	-2,766266E-1
4,406250E+2	1,618330E-1	4,406250E+2	-2,713791E-1
4,421875E+2	1,649072E-1	4,421875E+2	-2,661123E-1
4,437500E+2	1,685415E-1	4,437500E+2	-2,604934E-1
4,453125E+2	1,720874E-1	4,453125E+2	-2,548607E-1
4,468750E+2	1,762144E-1	4,468750E+2	-2,491592E-1
4,484375E+2	1,802416E-1	4,484375E+2	-2,434397E-1
4,500000E+2	1,848609E-1	4,500000E+2	-2,378525E-1
4,515625E+2	1,893855E-1	4,515625E+2	-2,322225E-1
4,531250E+2	1,948002E-1	4,531250E+2	-2,265617E-1
4,546875E+2	2,001098E-1	4,546875E+2	-2,208410E-1
4,562500E+2	2,064916E-1	4,562500E+2	-2,152667E-1
4,578125E+2	2,127316E-1	4,578125E+2	-2,096136E-1
4,593750E+2	2,195778E-1	4,593750E+2	-2,045798E-1
4,609375E+2	2,263371E-1	4,609375E+2	-1,994237E-1
4,625000E+2	2,347444E-1	4,625000E+2	-1,946213E-1
4,640625E+2	2,429955E-1	4,640625E+2	-1,896526E-1
4,656250E+2	2,516060E-1	4,656250E+2	-1,858278E-1
4,671875E+2	2,601704E-1	4,671875E+2	-1,818036E-1
4,687500E+2	2,706065E-1	4,687500E+2	-1,788805E-1
4,703125E+2	2,809708E-1	4,703125E+2	-1,756704E-1
4,718750E+2	2,919478E-1	4,718750E+2	-1,740562E-1
4,734375E+2	3,029760E-1	4,734375E+2	-1,721272E-1
4,750000E+2	3,154061E-1	4,750000E+2	-1,722362E-1
4,765625E+2	3,279569E-1	4,765625E+2	-1,719641E-1
4,781250E+2	3,408145E-1	4,781250E+2	-1,742493E-1
4,796875E+2	3,539502E-1	4,796875E+2	-1,761652E-1
4,812500E+2	3,669175E-1	4,812500E+2	-1,807997E-1
4,828125E+2	3,802593E-1	4,828125E+2	-1,850839E-1
4,843750E+2	3,915821E-1	4,843750E+2	-1,909855E-1
4,859375E+2	4,033157E-1	4,859375E+2	-1,966723E-1
4,875000E+2	4,130587E-1	4,875000E+2	-2,031972E-1
4,890625E+2	4,232137E-1	4,890625E+2	-2,096548E-1
4,906250E+2	4,321020E-1	4,906250E+2	-2,173180E-1
4,921875E+2	4,413902E-1	4,921875E+2	-2,249730E-1
4,937500E+2	4,489989E-1	4,937500E+2	-2,328739E-1
4,953125E+2	4,569506E-1	4,953125E+2	-2,408221E-1
4,968750E+2	4,633266E-1	4,968750E+2	-2,486653E-1
4,984375E+2	4,699968E-1	4,984375E+2	-2,566277E-1
5,000000E+2	4,755436E-1	5,000000E+2	-2,651298E-1
5,015625E+2	4,813512E-1	5,015625E+2	-2,737640E-1
5,031250E+2	4,860530E-1	5,031250E+2	-2,820945E-1
5,046875E+2	4,909592E-1	5,046875E+2	-2,905625E-1
5,062500E+2	4,945890E-1	5,062500E+2	-2,986645E-1
5,078125E+2	4,983945E-1	5,078125E+2	-3,069531E-1
5,093750E+2	5,016809E-1	5,093750E+2	-3,159075E-1
5,109375E+2	5,051035E-1	5,109375E+2	-3,250043E-1
5,125000E+2	5,072641E-1	5,125000E+2	-3,330984E-1
5,140625E+2	5,095175E-1	5,140625E+2	-3,413425E-1
5,156250E+2	5,109091E-1	5,156250E+2	-3,492873E-1
5,171875E+2	5,123876E-1	5,171875E+2	-3,573898E-1
5,187500E+2	5,137159E-1	5,187500E+2	-3,656871E-1
5,203125E+2	5,151081E-1	5,203125E+2	-3,741143E-1
5,218750E+2	5,156539E-1	5,218750E+2	-3,820692E-1
5,234375E+2	5,162547E-1	5,234375E+2	-3,901440E-1
5,250000E+2	5,164520E-1	5,250000E+2	-3,979660E-1
5,265625E+2	5,167041E-1	5,265625E+2	-4,058742E-1
5,281250E+2	5,167297E-1	5,281250E+2	-4,130262E-1
5,296875E+2	5,167928E-1	5,296875E+2	-4,202786E-1
5,312500E+2	5,161853E-1	5,312500E+2	-4,276684E-1
5,328125E+2	5,156358E-1	5,328125E+2	-4,350991E-1
5,343750E+2	5,152453E-1	5,343750E+2	-4,412805E-1
5,359375E+2	5,149511E-1	5,359375E+2	-4,474168E-1
5,375000E+2	5,154456E-1	5,375000E+2	-4,508519E-1
5,390625E+2	5,155370E-1	5,390625E+2	-4,551301E-1
5,406250E+2	5,037088E-1	5,406250E+2	-4,792346E-1
5,421875E+2	4,917329E-1	5,421875E+2	-5,027014E-1
5,437500E+2	4,933351E-1	5,437500E+2	-5,033324E-1
5,453125E+2	4,950455E-1	5,453125E+2	-5,039176E-1
5,468750E+2	4,975664E-1	5,468750E+2	-5,033961E-1
5,484375E+2	5,000402E-1	5,484375E+2	-5,030372E-1
5,500000E+2	4,997418E-1	5,500000E+2	-5,067283E-1
5,515625E+2	4,991535E-1	5,515625E+2	-5,108282E-1
5,531250E+2	4,899297E-1	5,531250E+2	-5,237787E-1
5,546875E+2	4,808105E-1	5,546875E+2	-5,364102E-1
5,562500E+2	4,786254E-1	5,562500E+2	-5,411036E-1
5,578125E+2	4,765255E-1	5,578125E+2	-5,457723E-1
5,593750E+2	4,754349E-1	5,593750E+2	-5,488249E-1
5,609375E+2	4,744542E-1	5,609375E+2	-5,518500E-1
5,625000E+2	4,749685E-1	5,625000E+2	-5,533279E-1
5,640625E+2	4,755428E-1	5,640625E+2	-5,548139E-1
5,656250E+2	4,765033E-1	5,656250E+2	-5,558479E-1
5,671875E+2	4,774569E-1	5,671875E+2	-5,569442E-1
5,687500E+2	4,774049E-1	5,687500E+2	-5,590657E-1
5,703125E+2	4,772732E-1	5,703125E+2	-5,612941E-1
5,718750E+2	4,744306E-1	5,718750E+2	-5,657181E-1
5,734375E+2	4,707292E-1	5,734375E+2	-5,709039E-1
5,750000E+2	4,455111E-1	5,750000E+2	-5,938457E-1
5,765625E+2	4,207097E-1	5,765625E+2	-6,150082E-1
5,781250E+2	4,251343E-1	5,781250E+2	-6,126696E-1
5,796875E+2	4,281757E-1	5,796875E+2	-6,112455E-1
5,812500E+2	3,976714E-1	5,812500E+2	-6,322234E-1
5,828125E+2	3,680143E-1	5,828125E+2	-6,510803E-1
5,843750E+2	3,726016E-1	5,843750E+2	-6,489034E-1
5,859375E+2	3,771358E-1	5,859375E+2	-6,467175E-1
5,875000E+2	3,801069E-1	5,875000E+2	-6,453876E-1
5,890625E+2	3,830594E-1	5,890625E+2	-6,440644E-1
5,906250E+2	3,847605E-1	5,906250E+2	-6,434925E-1
5,921875E+2	3,864666E-1	5,921875E+2	-6,429295E-1
5,937500E+2	3,871644E-1	5,937500E+2	-6,429011E-1
5,953125E+2	3,873989E-1	5,953125E+2	-6,431468E-1
5,968750E+2	3,752079E-1	5,968750E+2	-6,500307E-1
5,984375E+2	3,634083E-1	5,984375E+2	-6,565419E-1
6,000000E+2	3,587649E-1	6,000000E+2	-6,589978E-1
6,015625E+2	3,542431E-1	6,015625E+2	-6,613990E-1
6,031250E+2	3,503998E-1	6,031250E+2	-6,632531E-1
6,046875E+2	3,464855E-1	6,046875E+2	-6,651412E-1
6,062500E+2	3,387035E-1	6,062500E+2	-6,684065E-1
6,078125E+2	3,308399E-1	6,078125E+2	-6,716690E-1
6,093750E+2	3,179383E-1	6,093750E+2	-6,767858E-1
6,109375E+2	3,056258E-1	6,109375E+2	-6,815124E-1
6,125000E+2	3,029302E-1	6,125000E+2	-6,821736E-1
6,140625E+2	3,001795E-1	6,140625E+2	-6,828556E-1
6,156250E+2	2,939072E-1	6,156250E+2	-6,844755E-1
6,171875E+2	2,877878E-1	6,171875E+2	-6,860212E-1
6,187500E+2	2,817729E-1	6,187500E+2	-6,870934E-1
6,203125E+2	2,759742E-1	6,203125E+2	-6,880993E-1
6,218750E+2	2,716282E-1	6,218750E+2	-6,886421E-1
6,234375E+2	2,673230E-1	6,234375E+2	-6,891608E-1
6,250000E+2	2,607167E-1	6,250000E+2	-6,897800E-1
6,265625E+2	2,543374E-1	6,265625E+2	-6,903304E-1
6,281250E+2	2,488667E-1	6,281250E+2	-6,902535E-1
6,296875E+2	2,435654E-1	6,296875E+2	-6,901499E-1
6,312500E+2	2,381865E-1	6,312500E+2	-6,899971E-1
6,328125E+2	2,329898E-1	6,328125E+2	-6,898233E-1
6,343750E+2	2,277368E-1	6,343750E+2	-6,895539E-1
6,359375E+2	2,226761E-1	6,359375E+2	-6,892548E-1
6,375000E+2	2,176548E-1	6,375000E+2	-6,885466E-1
6,390625E+2	2,128111E-1	6,390625E+2	-6,878342E-1
6,406250E+2	2,075925E-1	6,406250E+2	-6,870071E-1
6,421875E+2	2,025863E-1	6,421875E+2	-6,861724E-1
6,437500E+2	1,977349E-1	6,437500E+2	-6,849704E-1
6,453125E+2	1,930794E-1	6,453125E+2	-6,837803E-1
6,468750E+2	1,882602E-1	6,468750E+2	-6,823781E-1
6,484375E+2	1,836631E-1	6,484375E+2	-6,809966E-1
6,500000E+2	1,794100E-1	6,500000E+2	-6,793631E-1
6,515625E+2	1,753360E-1	6,515625E+2	-6,777642E-1
6,531250E+2	1,708368E-1	6,531250E+2	-6,760119E-1
6,546875E+2	1,665691E-1	6,546875E+2	-6,742954E-1
6,562500E+2	1,628534E-1	6,562500E+2	-6,722384E-1
6,578125E+2	1,593129E-1	6,578125E+2	-6,702313E-1
6,593750E+2	1,554392E-1	6,593750E+2	-6,679923E-1
6,609375E+2	1,517754E-1	6,609375E+2	-6,658159E-1
6,625000E+2	1,484565E-1	6,625000E+2	-6,634532E-1
6,640625E+2	1,453114E-1	6,640625E+2	-6,611549E-1
6,656250E+2	1,419797E-1	6,656250E+2	-6,586042E-1
6,671875E+2	1,388378E-1	6,671875E+2	-6,561322E-1
6,687500E+2	1,358448E-1	6,687500E+2	-6,535350E-1
6,703125E+2	1,330395E-1	6,703125E+2	-6,510191E-1
6,718750E+2	1,305414E-1	6,718750E+2	-6,483466E-1
6,734375E+2	1,281937E-1	6,734375E+2	-6,457564E-1
6,750000E+2	1,256001E-1	6,750000E+2	-6,430116E-1
6,765625E+2	1,232023E-1	6,765625E+2	-6,403592E-1
6,781250E+2	1,215252E-1	6,781250E+2	-6,376497E-1
6,796875E+2	1,199815E-1	6,796875E+2	-6,350235E-1
6,812500E+2	1,182907E-1	6,812500E+2	-6,323288E-1
6,828125E+2	1,167421E-1	6,828125E+2	-6,297176E-1
6,843750E+2	1,152329E-1	6,843750E+2	-6,270220E-1
6,859375E+2	1,138674E-1	6,859375E+2	-6,244165E-1
6,875000E+2	1,126244E-1	6,875000E+2	-6,218894E-1
6,890625E+2	1,115285E-1	6,890625E+2	-6,194501E-1
6,906250E+2	1,107221E-1	6,906250E+2	-6,171632E-1
6,921875E+2	1,100550E-1	6,921875E+2	-6,149463E-1
6,937500E+2	1,096155E-1	6,937500E+2	-6,127484E-1
6,953125E+2	1,092860E-1	6,953125E+2	-6,106153E-1
6,968750E+2	1,086485E-1	6,968750E+2	-6,085411E-1
6,984375E+2	1,081540E-1	6,984375E+2	-6,065389E-1
7,000000E+2	1,078836E-1	7,000000E+2	-6,047083E-1
7,015625E+2	1,077394E-1	7,015625E+2	-6,029436E-1
7,031250E+2	1,074653E-1	7,031250E+2	-6,014744E-1
7,046875E+2	1,073367E-1	7,046875E+2	-6,000569E-1
7,062500E+2	1,073110E-1	7,062500E+2	-5,987260E-1
7,078125E+2	1,074188E-1	7,078125E+2	-5,974507E-1
7,093750E+2	1,073873E-1	7,093750E+2	-5,965023E-1
7,109375E+2	1,074988E-1	7,109375E+2	-5,955989E-1
7,125000E+2	1,074425E-1	7,125000E+2	-5,948938E-1
7,140625E+2	1,075428E-1	7,140625E+2	-5,942315E-1
7,156250E+2	1,075966E-1	7,156250E+2	-5,938121E-1
7,171875E+2	1,077955E-1	7,171875E+2	-5,934273E-1
7,187500E+2	1,075503E-1	7,187500E+2	-5,931830E-1
7,203125E+2	1,074843E-1	7,203125E+2	-5,929797E-1
7,218750E+2	1,074485E-1	7,218750E+2	-5,930156E-1
7,234375E+2	1,075620E-1	7,234375E+2	-5,930826E-1
7,250000E+2	1,069899E-1	7,250000E+2	-5,932826E-1
7,265625E+2	1,066216E-1	7,265625E+2	-5,935203E-1
7,281250E+2	1,063184E-1	7,281250E+2	-5,938839E-1
7,296875E+2	1,061848E-1	7,296875E+2	-5,942751E-1
7,312500E+2	1,054349E-1	7,312500E+2	-5,946534E-1
7,328125E+2	1,048770E-1	7,328125E+2	-5,950830E-1
7,343750E+2	1,037984E-1	7,343750E+2	-5,958328E-1
7,359375E+2	1,029548E-1	7,359375E+2	-5,966074E-1
7,375000E+2	1,021786E-1	7,375000E+2	-5,971506E-1
7,390625E+2	1,015933E-1	7,390625E+2	-5,977364E-1
7,406250E+2	1,002904E-1	7,406250E+2	-5,983253E-1
7,421875E+2	9,920993E-2	7,421875E+2	-5,989639E-1
7,437500E+2	9,763133E-2	7,437500E+2	-5,995960E-1
7,453125E+2	9,631201E-2	7,453125E+2	-6,002758E-1
7,468750E+2	9,502374E-2	7,468750E+2	-6,007122E-1
7,484375E+2	9,396139E-2	7,484375E+2	-6,012066E-1
7,500000E+2	9,239699E-2	7,500000E+2	-6,015636E-1
7,515625E+2	9,107520E-2	7,515625E+2	-6,019942E-1
7,531250E+2	8,932932E-2	7,531250E+2	-6,023771E-1
7,546875E+2	8,784444E-2	7,546875E+2	-6,028254E-1
7,562500E+2	8,610450E-2	7,562500E+2	-6,028784E-1
7,578125E+2	8,462667E-2	7,578125E+2	-6,030254E-1
7,593750E+2	8,295266E-2	7,593750E+2	-6,030119E-1
7,609375E+2	8,152753E-2	7,609375E+2	-6,030986E-1
7,625000E+2	7,959381E-2	7,625000E+2	-6,030071E-1
7,640625E+2	7,794508E-2	7,640625E+2	-6,030234E-1
7,656250E+2	7,627485E-2	7,656250E+2	-6,026755E-1
7,671875E+2	7,487197E-2	7,671875E+2	-6,024541E-1
7,687500E+2	7,335668E-2	7,687500E+2	-6,020324E-1
7,703125E+2	7,208681E-2	7,703125E+2	-6,017433E-1
7,718750E+2	7,030977E-2	7,718750E+2	-6,012516E-1
7,734375E+2	6,881866E-2	7,734375E+2	-6,009056E-1
7,750000E+2	6,742521E-2	7,750000E+2	-6,002273E-1
7,765625E+2	6,628325E-2	7,765625E+2	-5,997072E-1
7,781250E+2	6,490438E-2	7,781250E+2	-5,989928E-1
7,796875E+2	6,378608E-2	7,796875E+2	-5,984355E-1
7,812500E+2	6,262016E-2	7,812500E+2	-5,974539E-1
7,828125E+2	6,168889E-2	7,828125E+2	-5,966590E-1
7,843750E+2	6,042859E-2	7,843750E+2	-5,958516E-1
7,859375E+2	5,944010E-2	7,859375E+2	-5,952308E-1
7,875000E+2	5,875511E-2	7,875000E+2	-5,944527E-1
7,890625E+2	5,828712E-2	7,890625E+2	-5,938498E-1
7,906250E+2	5,743861E-2	7,906250E+2	-5,931093E-1
7,921875E+2	5,683448E-2	7,921875E+2	-5,925591E-1
7,937500E+2	5,622678E-2	7,937500E+2	-5,919234E-1
7,953125E+2	5,585321E-2	7,953125E+2	-5,914705E-1
7,968750E+2	5,538072E-2	7,968750E+2	-5,908737E-1
7,984375E+2	5,513167E-2	7,984375E+2	-5,904648E-1
8,000000E+2	5,461578E-2	8,000000E+2	-5,900379E-1
8,015625E+2	5,435556E-2	8,015625E+2	-5,898018E-1
8,031250E+2	5,432603E-2	8,031250E+2	-5,895219E-1
8,046875E+2	5,450617E-2	8,046875E+2	-5,894138E-1
8,062500E+2	5,421446E-2	8,062500E+2	-5,892856E-1
8,078125E+2	5,416112E-2	8,078125E+2	-5,893464E-1
8,093750E+2	5,379329E-2	8,093750E+2	-5,894857E-1
8,109375E+2	5,369697E-2	8,109375E+2	-5,898075E-1
8,125000E+2	5,366162E-2	8,125000E+2	-5,900631E-1
8,140625E+2	5,386416E-2	8,140625E+2	-5,904912E-1
8,156250E+2	5,352394E-2	8,156250E+2	-5,909076E-1
8,171875E+2	5,347381E-2	8,171875E+2	-5,915160E-1
8,187500E+2	5,344168E-2	8,187500E+2	-5,921615E-1
8,203125E+2	5,366054E-2	8,203125E+2	-5,929788E-1
8,218750E+2	5,302109E-2	8,218750E+2	-5,937688E-1
8,234375E+2	5,271305E-2	8,234375E+2	-5,947648E-1
8,250000E+2	5,234094E-2	8,250000E+2	-5,956777E-1
8,265625E+2	5,228146E-2	8,265625E+2	-5,967938E-1
8,281250E+2	5,178685E-2	8,281250E+2	-5,979198E-1
8,296875E+2	5,161977E-2	8,296875E+2	-5,992453E-1
8,312500E+2	5,076009E-2	8,312500E+2	-6,002594E-1
8,328125E+2	5,026939E-2	8,328125E+2	-6,015322E-1
8,343750E+2	4,954792E-2	8,343750E+2	-6,027487E-1
8,359375E+2	4,917347E-2	8,359375E+2	-6,042213E-1
8,375000E+2	4,781649E-2	8,375000E+2	-6,055440E-1
8,390625E+2	4,685217E-2	8,390625E+2	-6,071854E-1
8,406250E+2	4,483084E-2	8,406250E+2	-6,086616E-1
8,421875E+2	4,329792E-2	8,421875E+2	-6,105170E-1
8,437500E+2	4,155981E-2	8,437500E+2	-6,117834E-1
8,453125E+2	4,024355E-2	8,453125E+2	-6,134609E-1
8,468750E+2	3,807849E-2	8,468750E+2	-6,147430E-1
8,484375E+2	3,639009E-2	8,484375E+2	-6,165040E-1
8,500000E+2	3,460120E-2	8,500000E+2	-6,175336E-1
8,515625E+2	3,321633E-2	8,515625E+2	-6,190695E-1
8,531250E+2	3,149039E-2	8,531250E+2	-6,200820E-1
8,546875E+2	3,012995E-2	8,546875E+2	-6,216235E-1
8,562500E+2	2,807752E-2	8,562500E+2	-6,223575E-1
8,578125E+2	2,635854E-2	8,578125E+2	-6,237187E-1
8,593750E+2	2,416264E-2	8,593750E+2	-6,244407E-1
8,609375E+2	2,226893E-2	8,609375E+2	-6,258344E-1
8,625000E+2	1,998351E-2	8,625000E+2	-6,262840E-1
8,640625E+2	1,792210E-2	8,640625E+2	-6,274644E-1
8,656250E+2	1,546198E-2	8,656250E+2	-6,277767E-1
8,671875E+2	1,316109E-2	8,671875E+2	-6,288659E-1
8,687500E+2	1,059694E-2	8,687500E+2	-6,289176E-1
8,703125E+2	8,089700E-3	8,703125E+2	-6,297895E-1
8,718750E+2	5,278643E-3	8,718750E+2	-6,298456E-1
8,734375E+2	2,491119E-3	8,734375E+2	-6,307460E-1
8,750000E+2	2,658370E-4	8,750000E+2	-6,304750E-1
8,765625E+2	-2,082827E-3	8,765625E+2	-6,309588E-1
8,781250E+2	-4,819679E-3	8,781250E+2	-6,305057E-1
8,796875E+2	-7,692564E-3	8,796875E+2	-6,308588E-1
8,812500E+2	-8,834764E-3	8,812500E+2	-6,304158E-1
8,828125E+2	-1,024631E-2	8,828125E+2	-6,305294E-1
8,843750E+2	-1,330008E-2	8,843750E+2	-6,297003E-1
8,859375E+2	-1,669053E-2	8,859375E+2	-6,296250E-1
8,875000E+2	-1,925909E-2	8,875000E+2	-6,287692E-1
8,890625E+2	-2,217573E-2	8,890625E+2	-6,285590E-1
8,906250E+2	-2,410068E-2	8,906250E+2	-6,277394E-1
8,921875E+2	-2,637418E-2	8,921875E+2	-6,274388E-1
8,937500E+2	-2,810606E-2	8,937500E+2	-6,262778E-1
8,953125E+2	-3,022832E-2	8,953125E+2	-6,255620E-1
8,968750E+2	-3,185058E-2	8,968750E+2	-6,243165E-1
8,984375E+2	-3,386795E-2	8,984375E+2	-6,234719E-1
9,000000E+2	-3,547478E-2	9,000000E+2	-6,223182E-1
9,015625E+2	-3,746224E-2	9,015625E+2	-6,215236E-1
9,031250E+2	-3,881338E-2	9,031250E+2	-6,201868E-1
9,046875E+2	-4,054074E-2	9,046875E+2	-6,191583E-1
9,062500E+2	-4,169705E-2	9,062500E+2	-6,179291E-1
9,078125E+2	-4,320800E-2	9,078125E+2	-6,169691E-1
9,093750E+2	-4,423630E-2	9,093750E+2	-6,156961E-1
9,109375E+2	-4,560833E-2	9,109375E+2	-6,146564E-1
9,125000E+2	-4,657320E-2	9,125000E+2	-6,132778E-1
9,140625E+2	-4,786035E-2	9,140625E+2	-6,121181E-1
9,156250E+2	-4,830683E-2	9,156250E+2	-6,110662E-1
9,171875E+2	-4,903780E-2	9,171875E+2	-6,101988E-1
9,187500E+2	-4,939426E-2	9,187500E+2	-6,091906E-1
9,203125E+2	-5,002672E-2	9,203125E+2	-6,083491E-1
9,218750E+2	-5,044761E-2	9,218750E+2	-6,073777E-1
9,234375E+2	-5,112218E-2	9,234375E+2	-6,065724E-1
9,250000E+2	-5,120036E-2	9,250000E+2	-6,058409E-1
9,265625E+2	-5,150942E-2	9,265625E+2	-6,052567E-1
9,281250E+2	-5,151987E-2	9,281250E+2	-6,046240E-1
9,296875E+2	-5,174993E-2	9,296875E+2	-6,041407E-1
9,312500E+2	-5,175740E-2	9,312500E+2	-6,038427E-1
9,328125E+2	-5,194532E-2	9,328125E+2	-6,036927E-1
9,343750E+2	-5,141996E-2	9,343750E+2	-6,034908E-1
9,359375E+2	-5,107791E-2	9,359375E+2	-6,034227E-1
9,375000E+2	-5,086237E-2	9,375000E+2	-6,035664E-1
9,390625E+2	-5,081577E-2	9,390625E+2	-6,038553E-1
9,406250E+2	-5,064968E-2	9,406250E+2	-6,041470E-1
9,421875E+2	-5,063387E-2	9,421875E+2	-6,045900E-1
9,437500E+2	-5,019647E-2	9,437500E+2	-6,051206E-1
9,453125E+2	-4,989592E-2	9,453125E+2	-6,057899E-1
9,468750E+2	-4,935444E-2	9,468750E+2	-6,064358E-1
9,484375E+2	-4,959790E-2	9,484375E+2	-6,073168E-1
9,500000E+2	-6,605161E-2	9,500000E+2	-6,111314E-1
9,515625E+2	-8,317534E-2	9,515625E+2	-6,160645E-1
9,531250E+2	-8,321830E-2	9,531250E+2	-6,176717E-1
9,546875E+2	-8,341839E-2	9,546875E+2	-6,194397E-1
9,562500E+2	-8,426415E-2	9,562500E+2	-6,212251E-1
9,578125E+2	-8,524349E-2	9,578125E+2	-6,231936E-1
9,593750E+2	-8,570845E-2	9,593750E+2	-6,249900E-1
9,609375E+2	-8,641008E-2	9,609375E+2	-6,269632E-1
9,625000E+2	-8,950912E-2	9,625000E+2	-6,291764E-1
9,640625E+2	-9,272817E-2	9,640625E+2	-6,316352E-1
9,656250E+2	-9,288007E-2	9,656250E+2	-6,335525E-1
9,671875E+2	-9,322388E-2	9,671875E+2	-6,356165E-1
9,687500E+2	-9,526422E-2	9,687500E+2	-6,376692E-1
9,703125E+2	-9,751451E-2	9,703125E+2	-6,399171E-1
9,718750E+2	-1,001644E-1	9,718750E+2	-6,419819E-1
9,734375E+2	-1,029549E-1	9,734375E+2	-6,442402E-1
9,750000E+2	-1,037688E-1	9,750000E+2	-6,460783E-1
9,765625E+2	-1,049606E-1	9,765625E+2	-6,480671E-1
9,781250E+2	-1,118813E-1	9,781250E+2	-6,503419E-1
9,796875E+2	-1,188579E-1	9,796875E+2	-6,528743E-1
9,812500E+2	-1,164602E-1	9,812500E+2	-6,542367E-1
9,828125E+2	-1,145382E-1	9,828125E+2	-6,556605E-1
9,843750E+2	-1,229141E-1	9,843750E+2	-6,577049E-1
9,859375E+2	-1,313921E-1	9,859375E+2	-6,599944E-1
9,875000E+2	-1,297574E-1	9,875000E+2	-6,613497E-1
9,890625E+2	-1,284252E-1	9,890625E+2	-6,627558E-1
9,906250E+2	-1,327016E-1	9,906250E+2	-6,642457E-1
9,921875E+2	-1,371965E-1	9,921875E+2	-6,658745E-1
9,937500E+2	-1,402607E-1	9,937500E+2	-6,670913E-1
9,953125E+2	-1,435490E-1	9,953125E+2	-6,684160E-1
9,968750E+2	-1,468840E-1	9,968750E+2	-6,695173E-1
9,984375E+2	-1,504668E-1	9,984375E+2	-6,707142E-1
1,000000E+3	-1,545366E-1	1,000000E+3	-6,715668E-1
1,001562E+3	-1,587830E-1	1,001562E+3	-6,725161E-1
1,003125E+3	-1,611560E-1	1,003125E+3	-6,733690E-1
1,004687E+3	-1,638376E-1	1,004687E+3	-6,742752E-1
1,006250E+3	-1,696176E-1	1,006250E+3	-6,746237E-1
1,007812E+3	-1,755382E-1	1,007812E+3	-6,750584E-1
1,009375E+3	-1,773038E-1	1,009375E+3	-6,756481E-1
1,010937E+3	-1,793310E-1	1,010937E+3	-6,762692E-1
1,012500E+3	-1,839697E-1	1,012500E+3	-6,763772E-1
1,014062E+3	-1,887790E-1	1,014062E+3	-6,765379E-1
1,015625E+3	-1,917353E-1	1,015625E+3	-6,766649E-1
1,017187E+3	-1,949139E-1	1,017187E+3	-6,768159E-1
1,018750E+3	-1,990644E-1	1,018750E+3	-6,765484E-1
1,020312E+3	-2,033939E-1	1,020312E+3	-6,763129E-1
1,021875E+3	-2,068768E-1	1,021875E+3	-6,760834E-1
1,023437E+3	-2,105436E-1	1,023437E+3	-6,758711E-1
1,025000E+3	-2,141587E-1	1,025000E+3	-6,754079E-1
1,026562E+3	-2,179644E-1	1,026562E+3	-6,749545E-1
1,028125E+3	-2,219570E-1	1,028125E+3	-6,742129E-1
1,029687E+3	-2,261022E-1	1,029687E+3	-6,734816E-1
1,031250E+3	-2,294314E-1	1,031250E+3	-6,727747E-1
1,032812E+3	-2,329226E-1	1,032812E+3	-6,720675E-1
1,034375E+3	-2,364485E-1	1,034375E+3	-6,711668E-1
1,035937E+3	-2,401330E-1	1,035937E+3	-6,702611E-1
1,037500E+3	-2,437974E-1	1,037500E+3	-6,691193E-1
1,039062E+3	-2,475994E-1	1,039062E+3	-6,679739E-1
1,040625E+3	-2,509482E-1	1,040625E+3	-6,667997E-1
1,042187E+3	-2,544451E-1	1,042187E+3	-6,656104E-1
1,043750E+3	-2,580870E-1	1,043750E+3	-6,641344E-1
1,045312E+3	-2,618512E-1	1,045312E+3	-6,626466E-1
1,046875E+3	-2,651499E-1	1,046875E+3	-6,611409E-1
1,048437E+3	-2,685666E-1	1,048437E+3	-6,596248E-1
1,050000E+3	-2,717143E-1	1,050000E+3	-6,580824E-1
1,051562E+3	-2,749885E-1	1,051562E+3	-6,565188E-1
1,053125E+3	-2,784461E-1	1,053125E+3	-6,546752E-1
1,054687E+3	-2,820286E-1	1,054687E+3	-6,528041E-1
1,056250E+3	-2,857546E-1	1,056250E+3	-6,506235E-1
1,057812E+3	-2,895554E-1	1,057812E+3	-6,484382E-1
1,059375E+3	-2,923378E-1	1,059375E+3	-6,466341E-1
1,060937E+3	-2,951403E-1	1,060937E+3	-6,448513E-1
1,062500E+3	-2,960943E-1	1,062500E+3	-6,438507E-1
1,064062E+3	-2,971609E-1	1,064062E+3	-6,428238E-1
1,065625E+3	-2,992870E-1	1,065625E+3	-6,411554E-1
1,067187E+3	-3,015281E-1	1,067187E+3	-6,394554E-1
1,068750E+3	-3,046333E-1	1,068750E+3	-6,371167E-1
1,070312E+3	-3,077876E-1	1,070312E+3	-6,347802E-1
1,071875E+3	-3,100937E-1	1,071875E+3	-6,328451E-1
1,073437E+3	-3,125241E-1	1,073437E+3	-6,308674E-1
1,075000E+3	-3,162116E-1	1,075000E+3	-6,279845E-1
1,076562E+3	-3,199373E-1	1,076562E+3	-6,250983E-1
1,078125E+3	-3,226684E-1	1,078125E+3	-6,226145E-1
1,079687E+3	-3,254061E-1	1,079687E+3	-6,201579E-1
1,081250E+3	-3,266785E-1	1,081250E+3	-6,185789E-1
1,082812E+3	-3,280088E-1	1,082812E+3	-6,169934E-1
1,084375E+3	-3,294697E-1	1,084375E+3	-6,152040E-1
1,085937E+3	-3,309761E-1	1,085937E+3	-6,134198E-1
1,087500E+3	-3,323869E-1	1,087500E+3	-6,117259E-1
1,089062E+3	-3,338152E-1	1,089062E+3	-6,100511E-1
1,090625E+3	-3,345305E-1	1,090625E+3	-6,087259E-1
1,092187E+3	-3,352853E-1	1,092187E+3	-6,074060E-1
1,093750E+3	-3,360247E-1	1,093750E+3	-6,060434E-1
1,095312E+3	-3,372953E-1	1,095312E+3	-6,043343E-1
1,096875E+3	-3,503940E-1	1,096875E+3	-5,939764E-1
1,098437E+3	-3,631947E-1	1,098437E+3	-5,835686E-1
1,100000E+3	-3,693076E-1	1,100000E+3	-5,780237E-1
1,101562E+3	-3,749906E-1	1,101562E+3	-5,728042E-1
1,103125E+3	-3,696406E-1	1,103125E+3	-5,762867E-1
1,104687E+3	-3,642603E-1	1,104687E+3	-5,797168E-1
1,106250E+3	-3,589538E-1	1,106250E+3	-5,830187E-1
1,107812E+3	-3,536228E-1	1,107812E+3	-5,862683E-1
1,109375E+3	-3,484504E-1	1,109375E+3	-5,893552E-1
1,110937E+3	-3,432709E-1	1,110937E+3	-5,923833E-1
1,112500E+3	-3,386050E-1	1,112500E+3	-5,950155E-1
1,114062E+3	-3,349375E-1	1,114062E+3	-5,968873E-1
1,115625E+3	-3,556050E-1	1,115625E+3	-5,809942E-1
1,117187E+3	-3,750758E-1	1,117187E+3	-5,652340E-1
1,118750E+3	-3,730214E-1	1,118750E+3	-5,662305E-1
1,120312E+3	-3,711229E-1	1,120312E+3	-5,671052E-1
1,121875E+3	-3,729485E-1	1,121875E+3	-5,649608E-1
1,123437E+3	-3,748252E-1	1,123437E+3	-5,628081E-1
1,125000E+3	-3,775557E-1	1,125000E+3	-5,599060E-1
1,126562E+3	-3,802334E-1	1,126562E+3	-5,570803E-1
1,128125E+3	-3,813929E-1	1,128125E+3	-5,554932E-1
1,129687E+3	-3,825689E-1	1,129687E+3	-5,539280E-1
1,131250E+3	-3,838856E-1	1,131250E+3	-5,522154E-1
1,132812E+3	-3,852191E-1	1,132812E+3	-5,505211E-1
1,134375E+3	-3,867546E-1	1,134375E+3	-5,485309E-1
1,135937E+3	-3,883114E-1	1,135937E+3	-5,465595E-1
1,137500E+3	-3,902462E-1	1,137500E+3	-5,442490E-1
1,139062E+3	-3,921690E-1	1,139062E+3	-5,419832E-1
1,140625E+3	-3,937617E-1	1,140625E+3	-5,399011E-1
1,142187E+3	-3,953574E-1	1,142187E+3	-5,378530E-1
1,143750E+3	-3,970022E-1	1,143750E+3	-5,356954E-1
1,145312E+3	-3,986486E-1	1,145312E+3	-5,335702E-1
1,146875E+3	-4,003624E-1	1,146875E+3	-5,312195E-1
1,148437E+3	-4,020690E-1	1,148437E+3	-5,289131E-1
1,150000E+3	-4,036890E-1	1,150000E+3	-5,265982E-1
1,151562E+3	-4,053019E-1	1,151562E+3	-5,243272E-1
1,153125E+3	-4,068775E-1	1,153125E+3	-5,219606E-1
1,154687E+3	-4,084449E-1	1,154687E+3	-5,196380E-1
1,156250E+3	-4,099736E-1	1,156250E+3	-5,171410E-1
1,157812E+3	-4,114911E-1	1,157812E+3	-5,146963E-1
1,159375E+3	-4,129556E-1	1,159375E+3	-5,121964E-1
1,160937E+3	-4,144051E-1	1,160937E+3	-5,097511E-1
1,162500E+3	-4,157236E-1	1,162500E+3	-5,072314E-1
1,164062E+3	-4,170312E-1	1,164062E+3	-5,047645E-1
1,165625E+3	-4,183233E-1	1,165625E+3	-5,020967E-1
1,167187E+3	-4,196049E-1	1,167187E+3	-4,994854E-1
1,168750E+3	-4,209099E-1	1,168750E+3	-4,966637E-1
1,170312E+3	-4,221892E-1	1,170312E+3	-4,939187E-1
1,171875E+3	-4,231573E-1	1,171875E+3	-4,913291E-1
1,173437E+3	-4,241218E-1	1,173437E+3	-4,887953E-1
1,175000E+3	-4,252483E-1	1,175000E+3	-4,859160E-1
1,176562E+3	-4,263491E-1	1,176562E+3	-4,831146E-1
1,178125E+3	-4,271327E-1	1,178125E+3	-4,803152E-1
1,179687E+3	-4,279075E-1	1,179687E+3	-4,775853E-1
1,181250E+3	-4,287019E-1	1,181250E+3	-4,746384E-1
1,182812E+3	-4,294740E-1	1,182812E+3	-4,717832E-1
1,184375E+3	-4,299613E-1	1,184375E+3	-4,691107E-1
1,185937E+3	-4,304401E-1	1,185937E+3	-4,665107E-1
1,187500E+3	-4,308928E-1	1,187500E+3	-4,636516E-1
1,189062E+3	-4,313332E-1	1,189062E+3	-4,608748E-1
1,190625E+3	-4,316255E-1	1,190625E+3	-4,579605E-1
1,192187E+3	-4,319121E-1	1,192187E+3	-4,551334E-1
1,193750E+3	-4,321710E-1	1,193750E+3	-4,522070E-1
1,195312E+3	-4,324187E-1	1,195312E+3	-4,493746E-1
1,196875E+3	-4,324795E-1	1,196875E+3	-4,465097E-1
1,198437E+3	-4,325345E-1	1,198437E+3	-4,437361E-1
1,200000E+3	-4,324631E-1	1,200000E+3	-4,408311E-1
1,201562E+3	-4,323809E-1	1,201562E+3	-4,380361E-1
1,203125E+3	-4,320017E-1	1,203125E+3	-4,355045E-1
1,204687E+3	-4,316328E-1	1,204687E+3	-4,330471E-1
1,206250E+3	-4,313664E-1	1,206250E+3	-4,301120E-1
1,207812E+3	-4,310967E-1	1,207812E+3	-4,272866E-1
1,209375E+3	-4,305910E-1	1,209375E+3	-4,245652E-1
1,210937E+3	-4,300900E-1	1,210937E+3	-4,219426E-1
1,212500E+3	-4,294678E-1	1,212500E+3	-4,192534E-1
1,214062E+3	-4,288458E-1	1,214062E+3	-4,166804E-1
1,215625E+3	-4,279017E-1	1,215625E+3	-4,144164E-1
1,217187E+3	-4,269836E-1	1,217187E+3	-4,122126E-1
1,218750E+3	-4,262968E-1	1,218750E+3	-4,091955E-1
1,220312E+3	-4,256273E-1	1,220312E+3	-4,062858E-1
1,221875E+3	-4,249241E-1	1,221875E+3	-4,031981E-1
1,223437E+3	-4,242423E-1	1,223437E+3	-4,002068E-1
1,225000E+3	-4,235475E-1	1,225000E+3	-3,966877E-1
1,226562E+3	-4,229263E-1	1,226562E+3	-3,931934E-1
1,228125E+3	-4,234300E-1	1,228125E+3	-3,871744E-1
1,229687E+3	-4,238653E-1	1,229687E+3	-3,815268E-1
1,231250E+3	-4,223148E-1	1,231250E+3	-3,796556E-1
1,232812E+3	-4,207866E-1	1,232812E+3	-3,778946E-1
1,234375E+3	-4,190324E-1	1,234375E+3	-3,765763E-1
1,235937E+3	-4,173061E-1	1,235937E+3	-3,753280E-1
1,237500E+3	-4,155363E-1	1,237500E+3	-3,738729E-1
1,239062E+3	-4,137948E-1	1,239062E+3	-3,725066E-1
1,240625E+3	-4,119369E-1	1,240625E+3	-3,712992E-1
1,242187E+3	-4,101100E-1	1,242187E+3	-3,701650E-1
1,243750E+3	-4,082684E-1	1,243750E+3	-3,689373E-1
1,245312E+3	-4,064575E-1	1,245312E+3	-3,677908E-1
1,246875E+3	-4,045960E-1	1,246875E+3	-3,667117E-1
1,248437E+3	-4,027633E-1	1,248437E+3	-3,657182E-1
1,250000E+3	-4,008610E-1	1,250000E+3	-3,649480E-1
1,251562E+3	-3,989858E-1	1,251562E+3	-3,642480E-1
1,253125E+3	-3,970870E-1	1,253125E+3	-3,635635E-1
1,254687E+3	-3,952159E-1	1,254687E+3	-3,629571E-1
1,256250E+3	-3,933519E-1	1,256250E+3	-3,625665E-1
1,257812E+3	-3,915106E-1	1,257812E+3	-3,622439E-1
1,259375E+3	-3,896891E-1	1,259375E+3	-3,620134E-1
1,260937E+3	-3,878907E-1	1,260937E+3	-3,618526E-1
1,262500E+3	-3,862022E-1	1,262500E+3	-3,618573E-1
1,264062E+3	-3,845314E-1	1,264062E+3	-3,619282E-1
1,265625E+3	-3,829889E-1	1,265625E+3	-3,621181E-1
1,267187E+3	-3,814597E-1	1,267187E+3	-3,623715E-1
1,268750E+3	-3,801027E-1	1,268750E+3	-3,626844E-1
1,270312E+3	-3,787536E-1	1,270312E+3	-3,630702E-1
1,271875E+3	-3,775843E-1	1,271875E+3	-3,636966E-1
1,273437E+3	-3,764172E-1	1,273437E+3	-3,643869E-1
1,275000E+3	-3,754969E-1	1,275000E+3	-3,651426E-1
1,276562E+3	-3,745780E-1	1,276562E+3	-3,659631E-1
1,278125E+3	-3,740631E-1	1,278125E+3	-3,668036E-1
1,279687E+3	-3,735354E-1	1,279687E+3	-3,677176E-1
1,281250E+3	-3,732756E-1	1,281250E+3	-3,687241E-1
1,282812E+3	-3,729982E-1	1,282812E+3	-3,698039E-1
1,284375E+3	-3,730714E-1	1,284375E+3	-3,709237E-1
1,285937E+3	-3,731204E-1	1,285937E+3	-3,721112E-1
1,287500E+3	-3,735668E-1	1,287500E+3	-3,731050E-1
1,289062E+3	-3,739738E-1	1,289062E+3	-3,741756E-1
1,290625E+3	-3,745733E-1	1,290625E+3	-3,750630E-1
1,292187E+3	-3,751299E-1	1,292187E+3	-3,760360E-1
1,293750E+3	-3,758679E-1	1,293750E+3	-3,768949E-1
1,295312E+3	-3,765488E-1	1,295312E+3	-3,778371E-1
1,296875E+3	-3,771665E-1	1,296875E+3	-3,785076E-1
1,298437E+3	-3,777284E-1	1,298437E+3	-3,792700E-1
1,300000E+3	-3,781818E-1	1,300000E+3	-3,798524E-1
1,301562E+3	-3,785741E-1	1,301562E+3	-3,805398E-1
1,303125E+3	-3,786412E-1	1,303125E+3	-3,813026E-1
1,304687E+3	-3,786741E-1	1,304687E+3	-3,821544E-1
1,306250E+3	-3,789089E-1	1,306250E+3	-3,828806E-1
1,307812E+3	-3,791134E-1	1,307812E+3	-3,837088E-1
1,309375E+3	-3,797118E-1	1,309375E+3	-3,845925E-1
1,310937E+3	-3,802814E-1	1,310937E+3	-3,855791E-1
1,312500E+3	-3,815687E-1	1,312500E+3	-3,865537E-1
1,314062E+3	-3,827907E-1	1,314062E+3	-3,876491E-1
1,315625E+3	-3,843200E-1	1,315625E+3	-3,889423E-1
1,317187E+3	-3,857819E-1	1,317187E+3	-3,903329E-1
1,318750E+3	-3,877789E-1	1,318750E+3	-3,914177E-1
1,320312E+3	-3,896881E-1	1,320312E+3	-3,926139E-1
1,321875E+3	-3,919697E-1	1,321875E+3	-3,935251E-1
1,323437E+3	-3,941330E-1	1,323437E+3	-3,945723E-1
1,325000E+3	-3,961689E-1	1,325000E+3	-3,956378E-1
1,326562E+3	-3,981241E-1	1,326562E+3	-3,968043E-1
1,328125E+3	-4,007797E-1	1,328125E+3	-3,972224E-1
1,329687E+3	-4,033300E-1	1,329687E+3	-3,977787E-1
1,331250E+3	-4,064009E-1	1,331250E+3	-3,977398E-1
1,332812E+3	-4,092922E-1	1,332812E+3	-3,979071E-1
1,334375E+3	-4,112634E-1	1,334375E+3	-3,984607E-1
1,335937E+3	-4,131534E-1	1,335937E+3	-3,991470E-1
1,337500E+3	-4,157827E-1	1,337500E+3	-3,991289E-1
1,339062E+3	-4,182713E-1	1,339062E+3	-3,993052E-1
1,340625E+3	-4,205478E-1	1,340625E+3	-3,993703E-1
1,342187E+3	-4,227037E-1	1,342187E+3	-3,996214E-1
1,343750E+3	-4,249085E-1	1,343750E+3	-3,995787E-1
1,345312E+3	-4,270054E-1	1,345312E+3	-3,997237E-1
1,346875E+3	-4,293974E-1	1,346875E+3	-3,993589E-1
1,348437E+3	-4,316701E-1	1,348437E+3	-3,992093E-1
1,350000E+3	-4,340958E-1	1,350000E+3	-3,986295E-1
1,351562E+3	-4,364009E-1	1,351562E+3	-3,982829E-1
1,353125E+3	-4,388204E-1	1,353125E+3	-3,974650E-1
1,354687E+3	-4,411063E-1	1,354687E+3	-3,969185E-1
1,356250E+3	-4,431501E-1	1,356250E+3	-3,963039E-1
1,357812E+3	-4,450799E-1	1,357812E+3	-3,959468E-1
1,359375E+3	-4,469099E-1	1,359375E+3	-3,953204E-1
1,360937E+3	-4,486471E-1	1,360937E+3	-3,949491E-1
1,362500E+3	-4,505591E-1	1,362500E+3	-3,941270E-1
1,364062E+3	-4,523738E-1	1,364062E+3	-3,935762E-1
1,365625E+3	-4,542311E-1	1,365625E+3	-3,924051E-1
1,367187E+3	-4,560458E-1	1,367187E+3	-3,915081E-1
1,368750E+3	-4,589939E-1	1,368750E+3	-3,895599E-1
1,370312E+3	-4,618575E-1	1,370312E+3	-3,879507E-1
1,371875E+3	-4,654572E-1	1,371875E+3	-3,844236E-1
1,373437E+3	-4,690918E-1	1,373437E+3	-3,812199E-1
1,375000E+3	-4,763596E-1	1,375000E+3	-3,728515E-1
1,376562E+3	-4,830838E-1	1,376562E+3	-3,659985E-1
1,378125E+3	-4,824311E-1	1,378125E+3	-3,674663E-1
1,379687E+3	-4,817197E-1	1,379687E+3	-3,691490E-1
1,381250E+3	-4,801684E-1	1,381250E+3	-3,716384E-1
1,382812E+3	-4,786285E-1	1,382812E+3	-3,741880E-1
1,384375E+3	-4,780020E-1	1,384375E+3	-3,754430E-1
1,385937E+3	-4,774356E-1	1,385937E+3	-3,767831E-1
1,387500E+3	-4,787471E-1	1,387500E+3	-3,755245E-1
1,389062E+3	-4,800669E-1	1,389062E+3	-3,746322E-1
1,390625E+3	-4,818602E-1	1,390625E+3	-3,726557E-1
1,392187E+3	-4,836318E-1	1,392187E+3	-3,711900E-1
1,393750E+3	-4,847929E-1	1,393750E+3	-3,699999E-1
1,395312E+3	-4,859867E-1	1,395312E+3	-3,692031E-1
1,396875E+3	-4,875248E-1	1,396875E+3	-3,674872E-1
1,398437E+3	-4,891029E-1	1,398437E+3	-3,662478E-1
1,400000E+3	-4,907218E-1	1,400000E+3	-3,643896E-1
1,401562E+3	-4,924006E-1	1,401562E+3	-3,630403E-1
1,403125E+3	-4,940768E-1	1,403125E+3	-3,610789E-1
1,404687E+3	-4,958240E-1	1,404687E+3	-3,596763E-1
1,406250E+3	-4,972003E-1	1,406250E+3	-3,581256E-1
1,407812E+3	-4,986799E-1	1,407812E+3	-3,570834E-1
1,409375E+3	-5,001504E-1	1,409375E+3	-3,554358E-1
1,410937E+3	-5,017402E-1	1,410937E+3	-3,543381E-1
1,412500E+3	-5,030355E-1	1,412500E+3	-3,529159E-1
1,414062E+3	-5,044818E-1	1,414062E+3	-3,520187E-1
1,415625E+3	-5,058441E-1	1,415625E+3	-3,505398E-1
1,417187E+3	-5,073856E-1	1,417187E+3	-3,496088E-1
1,418750E+3	-5,087686E-1	1,418750E+3	-3,481374E-1
1,420312E+3	-5,103673E-1	1,420312E+3	-3,472172E-1
1,421875E+3	-5,118672E-1	1,421875E+3	-3,455564E-1
1,423437E+3	-5,136305E-1	1,423437E+3	-3,444795E-1
1,425000E+3	-5,152435E-1	1,425000E+3	-3,426828E-1
1,426562E+3	-5,171489E-1	1,426562E+3	-3,415248E-1
1,428125E+3	-5,183196E-1	1,428125E+3	-3,403976E-1
1,429687E+3	-5,198158E-1	1,429687E+3	-3,397667E-1
1,431250E+3	-5,214859E-1	1,431250E+3	-3,378259E-1
1,432812E+3	-5,235601E-1	1,432812E+3	-3,365224E-1
1,434375E+3	-5,249150E-1	1,434375E+3	-3,350600E-1
1,435937E+3	-5,267083E-1	1,435937E+3	-3,341188E-1
1,437500E+3	-5,284466E-1	1,437500E+3	-3,320361E-1
1,439062E+3	-5,307062E-1	1,439062E+3	-3,305749E-1
1,440625E+3	-5,320300E-1	1,440625E+3	-3,291033E-1
1,442187E+3	-5,338842E-1	1,442187E+3	-3,281080E-1
1,443750E+3	-5,354553E-1	1,443750E+3	-3,261600E-1
1,445312E+3	-5,376397E-1	1,445312E+3	-3,247242E-1
1,446875E+3	-5,389922E-1	1,446875E+3	-3,230316E-1
1,448437E+3	-5,409891E-1	1,448437E+3	-3,217340E-1
1,450000E+3	-5,427531E-1	1,450000E+3	-3,193267E-1
1,451562E+3	-5,452602E-1	1,451562E+3	-3,173732E-1
1,453125E+3	-5,465128E-1	1,453125E+3	-3,156457E-1
1,454687E+3	-5,484570E-1	1,454687E+3	-3,142127E-1
1,456250E+3	-5,497828E-1	1,456250E+3	-3,122502E-1
1,457812E+3	-5,518419E-1	1,457812E+3	-3,105319E-1
1,459375E+3	-5,531703E-1	1,459375E+3	-3,084006E-1
1,460937E+3	-5,552604E-1	1,460937E+3	-3,064439E-1
1,462500E+3	-5,566750E-1	1,462500E+3	-3,040326E-1
1,464062E+3	-5,588714E-1	1,464062E+3	-3,017555E-1
1,465625E+3	-5,600296E-1	1,465625E+3	-2,996134E-1
1,467187E+3	-5,619110E-1	1,467187E+3	-2,975297E-1
1,468750E+3	-5,628752E-1	1,468750E+3	-2,956012E-1
1,470312E+3	-5,645250E-1	1,470312E+3	-2,936363E-1
1,471875E+3	-5,657733E-1	1,471875E+3	-2,909340E-1
1,473437E+3	-5,677561E-1	1,473437E+3	-2,881782E-1
1,475000E+3	-5,687170E-1	1,475000E+3	-2,858216E-1
1,476562E+3	-5,703283E-1	1,476562E+3	-2,833619E-1
1,478125E+3	-5,710587E-1	1,478125E+3	-2,811927E-1
1,479687E+3	-5,723835E-1	1,479687E+3	-2,788697E-1
1,481250E+3	-5,731104E-1	1,481250E+3	-2,764950E-1
1,482812E+3	-5,744118E-1	1,482812E+3	-2,739318E-1
1,484375E+3	-5,750707E-1	1,484375E+3	-2,713732E-1
1,485937E+3	-5,762812E-1	1,485937E+3	-2,685869E-1
1,487500E+3	-5,769375E-1	1,487500E+3	-2,657312E-1
1,489062E+3	-5,781191E-1	1,489062E+3	-2,626395E-1
1,490625E+3	-5,784695E-1	1,490625E+3	-2,601630E-1
1,492187E+3	-5,792703E-1	1,492187E+3	-2,574454E-1
1,493750E+3	-5,793866E-1	1,493750E+3	-2,551893E-1
1,495312E+3	-5,799084E-1	1,495312E+3	-2,526639E-1
1,496875E+3	-5,800846E-1	1,496875E+3	-2,499031E-1
1,498437E+3	-5,806586E-1	1,498437E+3	-2,468649E-1
1,500000E+3	-5,806398E-1	1,500000E+3	-2,442289E-1
1,501562E+3	-5,809721E-1	1,501562E+3	-2,413208E-1
1,503125E+3	-5,807173E-1	1,503125E+3	-2,388905E-1
1,504687E+3	-5,807766E-1	1,504687E+3	-2,361795E-1
1,506250E+3	-5,804890E-1	1,506250E+3	-2,335177E-1
1,507812E+3	-5,804903E-1	1,507812E+3	-2,305945E-1
1,509375E+3	-5,798675E-1	1,509375E+3	-2,284893E-1
1,510937E+3	-5,794914E-1	1,510937E+3	-2,261045E-1
1,512500E+3	-5,788923E-1	1,512500E+3	-2,233467E-1
1,514062E+3	-5,785358E-1	1,514062E+3	-2,203181E-1
1,515625E+3	-5,777378E-1	1,515625E+3	-2,178878E-1
1,517187E+3	-5,771490E-1	1,517187E+3	-2,151958E-1
1,518750E+3	-5,761920E-1	1,518750E+3	-2,127844E-1
1,520312E+3	-5,754253E-1	1,520312E+3	-2,101084E-1
1,521875E+3	-5,743724E-1	1,521875E+3	-2,075143E-1
1,523437E+3	-5,734917E-1	1,523437E+3	-2,046846E-1
1,525000E+3	-5,721940E-1	1,525000E+3	-2,027062E-1
1,526562E+3	-5,710390E-1	1,526562E+3	-2,005121E-1
1,528125E+3	-5,695838E-1	1,528125E+3	-1,988260E-1
1,529687E+3	-5,682599E-1	1,529687E+3	-1,968780E-1
1,531250E+3	-5,668870E-1	1,531250E+3	-1,938397E-1
1,532812E+3	-5,656465E-1	1,532812E+3	-1,906039E-1
1,534375E+3	-5,639334E-1	1,534375E+3	-1,891787E-1
1,535937E+3	-5,623204E-1	1,535937E+3	-1,875447E-1
1,537500E+3	-5,605838E-1	1,537500E+3	-1,855970E-1
1,539062E+3	-5,589442E-1	1,539062E+3	-1,834568E-1
1,540625E+3	-5,570667E-1	1,540625E+3	-1,817483E-1
1,542187E+3	-5,552774E-1	1,542187E+3	-1,798522E-1
1,543750E+3	-5,533533E-1	1,543750E+3	-1,781542E-1
1,545312E+3	-5,515087E-1	1,545312E+3	-1,762888E-1
1,546875E+3	-5,494727E-1	1,546875E+3	-1,749341E-1
1,548437E+3	-5,475076E-1	1,548437E+3	-1,734166E-1
1,550000E+3	-5,454142E-1	1,550000E+3	-1,721215E-1
1,551562E+3	-5,433883E-1	1,551562E+3	-1,706733E-1
1,553125E+3	-5,412787E-1	1,553125E+3	-1,694933E-1
1,554687E+3	-5,392320E-1	1,554687E+3	-1,681752E-1
1,556250E+3	-5,371010E-1	1,556250E+3	-1,672696E-1
1,557812E+3	-5,350296E-1	1,557812E+3	-1,662331E-1
1,559375E+3	-5,329301E-1	1,559375E+3	-1,654749E-1
1,560937E+3	-5,308867E-1	1,560937E+3	-1,645991E-1
1,562500E+3	-5,287941E-1	1,562500E+3	-1,641001E-1
1,564062E+3	-5,267567E-1	1,564062E+3	-1,634854E-1
1,565625E+3	-5,247485E-1	1,565625E+3	-1,630262E-1
1,567187E+3	-5,227959E-1	1,567187E+3	-1,624706E-1
1,568750E+3	-5,208752E-1	1,568750E+3	-1,623961E-1
1,570312E+3	-5,190079E-1	1,570312E+3	-1,622276E-1
1,571875E+3	-5,172153E-1	1,571875E+3	-1,622678E-1
1,573437E+3	-5,154782E-1	1,573437E+3	-1,622271E-1
1,575000E+3	-5,138425E-1	1,575000E+3	-1,625380E-1
1,576562E+3	-5,122712E-1	1,576562E+3	-1,627321E-1
1,578125E+3	-5,110714E-1	1,578125E+3	-1,621855E-1
1,579687E+3	-5,099204E-1	1,579687E+3	-1,616709E-1
1,581250E+3	-5,082492E-1	1,581250E+3	-1,642394E-1
1,582812E+3	-5,067066E-1	1,582812E+3	-1,664560E-1
1,584375E+3	-5,080693E-1	1,584375E+3	-1,611971E-1
1,585937E+3	-5,095446E-1	1,585937E+3	-1,559911E-1
1,587500E+3	-5,090473E-1	1,587500E+3	-1,572345E-1
1,589062E+3	-5,086157E-1	1,589062E+3	-1,584308E-1
1,590625E+3	-5,085407E-1	1,590625E+3	-1,595170E-1
1,592187E+3	-5,085337E-1	1,592187E+3	-1,605719E-1
1,593750E+3	-5,086950E-1	1,593750E+3	-1,617667E-1
1,595312E+3	-5,089351E-1	1,595312E+3	-1,629230E-1
1,596875E+3	-5,095680E-1	1,596875E+3	-1,638630E-1
1,598437E+3	-5,102789E-1	1,598437E+3	-1,647869E-1
1,600000E+3	-5,110512E-1	1,600000E+3	-1,659382E-1
1,601562E+3	-5,119084E-1	1,601562E+3	-1,670641E-1
1,603125E+3	-5,130506E-1	1,603125E+3	-1,680081E-1
1,604687E+3	-5,142743E-1	1,604687E+3	-1,689449E-1
1,606250E+3	-5,154475E-1	1,606250E+3	-1,700669E-1
1,607812E+3	-5,167175E-1	1,607812E+3	-1,711588E-1
1,609375E+3	-5,184032E-1	1,609375E+3	-1,717887E-1
1,610937E+3	-5,201814E-1	1,610937E+3	-1,724174E-1
1,612500E+3	-5,218061E-1	1,612500E+3	-1,733039E-1
1,614062E+3	-5,235308E-1	1,614062E+3	-1,741699E-1
1,615625E+3	-5,254807E-1	1,615625E+3	-1,747331E-1
1,617187E+3	-5,275335E-1	1,617187E+3	-1,752737E-1
1,618750E+3	-5,296179E-1	1,618750E+3	-1,755200E-1
1,620312E+3	-5,318094E-1	1,620312E+3	-1,757515E-1
1,621875E+3	-5,339554E-1	1,621875E+3	-1,759819E-1
1,623437E+3	-5,362112E-1	1,623437E+3	-1,761868E-1
1,625000E+3	-5,385183E-1	1,625000E+3	-1,761459E-1
1,626562E+3	-5,409336E-1	1,626562E+3	-1,760847E-1
1,628125E+3	-5,432227E-1	1,628125E+3	-1,759837E-1
1,629687E+3	-5,456390E-1	1,629687E+3	-1,758293E-1
1,631250E+3	-5,484506E-1	1,631250E+3	-1,749100E-1
1,632812E+3	-5,514187E-1	1,632812E+3	-1,739007E-1
1,634375E+3	-5,550196E-1	1,634375E+3	-1,715482E-1
1,635937E+3	-5,587360E-1	1,635937E+3	-1,691853E-1
1,637500E+3	-5,612985E-1	1,637500E+3	-1,681275E-1
1,639062E+3	-5,639565E-1	1,639062E+3	-1,670501E-1
1,640625E+3	-5,660478E-1	1,640625E+3	-1,664686E-1
1,642187E+3	-5,681773E-1	1,642187E+3	-1,659457E-1
1,643750E+3	-5,688015E-1	1,643750E+3	-1,676796E-1
1,645312E+3	-5,694870E-1	1,645312E+3	-1,693641E-1
1,646875E+3	-5,706150E-1	1,646875E+3	-1,701532E-1
1,648437E+3	-5,718830E-1	1,648437E+3	-1,707809E-1
1,650000E+3	-5,750267E-1	1,650000E+3	-1,679469E-1
1,651562E+3	-5,782452E-1	1,651562E+3	-1,651203E-1
1,653125E+3	-5,800892E-1	1,653125E+3	-1,642569E-1
1,654687E+3	-5,820381E-1	1,654687E+3	-1,633135E-1
1,656250E+3	-5,843764E-1	1,656250E+3	-1,613771E-1
1,657812E+3	-5,867989E-1	1,657812E+3	-1,593982E-1
1,659375E+3	-5,888324E-1	1,659375E+3	-1,577192E-1
1,660937E+3	-5,909285E-1	1,660937E+3	-1,560356E-1
1,662500E+3	-5,923390E-1	1,662500E+3	-1,554367E-1
1,664062E+3	-5,938514E-1	1,664062E+3	-1,547181E-1
1,665625E+3	-5,961326E-1	1,665625E+3	-1,519354E-1
1,667187E+3	-5,984766E-1	1,667187E+3	-1,491376E-1
1,668750E+3	-6,000712E-1	1,668750E+3	-1,475467E-1
1,670312E+3	-6,017289E-1	1,670312E+3	-1,459290E-1
1,671875E+3	-6,030891E-1	1,671875E+3	-1,447531E-1
1,673437E+3	-6,045268E-1	1,673437E+3	-1,434961E-1
1,675000E+3	-6,062217E-1	1,675000E+3	-1,411877E-1
1,676562E+3	-6,079791E-1	1,676562E+3	-1,388457E-1
1,678125E+3	-6,094506E-1	1,678125E+3	-1,369349E-1
1,679687E+3	-6,109750E-1	1,679687E+3	-1,350010E-1
1,681250E+3	-6,121522E-1	1,681250E+3	-1,335822E-1
1,682812E+3	-6,133916E-1	1,682812E+3	-1,321052E-1
1,684375E+3	-6,146863E-1	1,684375E+3	-1,301123E-1
1,685937E+3	-6,160342E-1	1,685937E+3	-1,280963E-1
1,687500E+3	-6,171883E-1	1,687500E+3	-1,265176E-1
1,689062E+3	-6,184029E-1	1,689062E+3	-1,248692E-1
1,690625E+3	-6,197425E-1	1,690625E+3	-1,223751E-1
1,692187E+3	-6,211258E-1	1,692187E+3	-1,198860E-1
1,693750E+3	-6,221358E-1	1,693750E+3	-1,185316E-1
1,695312E+3	-6,231965E-1	1,695312E+3	-1,171288E-1
1,696875E+3	-6,242903E-1	1,696875E+3	-1,152525E-1
1,698437E+3	-6,254380E-1	1,698437E+3	-1,133269E-1
1,700000E+3	-6,266611E-1	1,700000E+3	-1,109373E-1
1,701562E+3	-6,279234E-1	1,701562E+3	-1,085471E-1
1,703125E+3	-6,289072E-1	1,703125E+3	-1,069296E-1
1,704687E+3	-6,299368E-1	1,704687E+3	-1,052727E-1
1,706250E+3	-6,309603E-1	1,706250E+3	-1,032195E-1
1,707812E+3	-6,320302E-1	1,707812E+3	-1,011450E-1
1,709375E+3	-6,330912E-1	1,709375E+3	-9,914784E-2
1,710937E+3	-6,341920E-1	1,710937E+3	-9,713837E-2
1,712500E+3	-6,351900E-1	1,712500E+3	-9,532597E-2
1,714062E+3	-6,362310E-1	1,714062E+3	-9,348493E-2
1,715625E+3	-6,372630E-1	1,715625E+3	-9,136383E-2
1,717187E+3	-6,383345E-1	1,717187E+3	-8,923417E-2
1,718750E+3	-6,393221E-1	1,718750E+3	-8,729339E-2
1,720312E+3	-6,403558E-1	1,720312E+3	-8,532444E-2
1,721875E+3	-6,415032E-1	1,721875E+3	-8,298170E-2
1,723437E+3	-6,426864E-1	1,723437E+3	-8,064212E-2
1,725000E+3	-6,437500E-1	1,725000E+3	-7,866863E-2
1,726562E+3	-6,448483E-1	1,726562E+3	-7,669584E-2
1,728125E+3	-6,458439E-1	1,728125E+3	-7,490806E-2
1,729687E+3	-6,468789E-1	1,729687E+3	-7,310037E-2
1,731250E+3	-6,479435E-1	1,731250E+3	-7,092472E-2
1,732812E+3	-6,490390E-1	1,732812E+3	-6,876975E-2
1,734375E+3	-6,499994E-1	1,734375E+3	-6,718346E-2
1,735937E+3	-6,509974E-1	1,735937E+3	-6,557843E-2
1,737500E+3	-6,520363E-1	1,737500E+3	-6,349712E-2
1,739062E+3	-6,531102E-1	1,739062E+3	-6,141788E-2
1,740625E+3	-6,541882E-1	1,740625E+3	-5,933341E-2
1,742187E+3	-6,552966E-1	1,742187E+3	-5,726749E-2
1,743750E+3	-6,563133E-1	1,743750E+3	-5,549235E-2
1,745312E+3	-6,573688E-1	1,745312E+3	-5,367415E-2
1,746875E+3	-6,585659E-1	1,746875E+3	-5,059440E-2
1,748437E+3	-6,597857E-1	1,748437E+3	-4,755899E-2
1,750000E+3	-6,607943E-1	1,750000E+3	-4,532227E-2
1,751562E+3	-6,618320E-1	1,751562E+3	-4,310862E-2
1,753125E+3	-6,627796E-1	1,753125E+3	-4,110916E-2
1,754687E+3	-6,637546E-1	1,754687E+3	-3,914300E-2
1,756250E+3	-6,646347E-1	1,756250E+3	-3,757090E-2
1,757812E+3	-6,655374E-1	1,757812E+3	-3,605080E-2
1,759375E+3	-6,662683E-1	1,759375E+3	-3,531499E-2
1,760937E+3	-6,670379E-1	1,760937E+3	-3,448516E-2
1,762500E+3	-6,680832E-1	1,762500E+3	-3,093957E-2
1,764062E+3	-6,691508E-1	1,764062E+3	-2,742302E-2
1,765625E+3	-6,700652E-1	1,765625E+3	-2,389687E-2
1,767187E+3	-6,710054E-1	1,767187E+3	-2,037057E-2
1,768750E+3	-6,719203E-1	1,768750E+3	-1,605525E-2
1,770312E+3	-6,728539E-1	1,770312E+3	-1,177582E-2
1,771875E+3	-6,736418E-1	1,771875E+3	-7,391594E-3
1,773437E+3	-6,744445E-1	1,773437E+3	-3,083703E-3
1,775000E+3	-6,750164E-1	1,775000E+3	5,125998E-4
1,776562E+3	-6,756147E-1	1,776562E+3	4,081749E-3
1,778125E+3	-6,761514E-1	1,778125E+3	8,103738E-3
1,779687E+3	-6,767049E-1	1,779687E+3	1,206220E-2
1,781250E+3	-6,769901E-1	1,781250E+3	1,583148E-2
1,782812E+3	-6,773060E-1	1,782812E+3	1,939350E-2
1,784375E+3	-6,776442E-1	1,784375E+3	1,940208E-2
1,785937E+3	-6,780024E-1	1,785937E+3	1,946404E-2
1,787500E+3	-6,782322E-1	1,787500E+3	2,162380E-2
1,789062E+3	-6,784873E-1	1,789062E+3	2,376265E-2
1,790625E+3	-6,785562E-1	1,790625E+3	2,662019E-2
1,792187E+3	-6,786545E-1	1,792187E+3	2,942369E-2
1,793750E+3	-6,786173E-1	1,793750E+3	3,241206E-2
1,795312E+3	-6,786106E-1	1,795312E+3	3,534092E-2
1,796875E+3	-6,784279E-1	1,796875E+3	3,841195E-2
1,798437E+3	-6,782839E-1	1,798437E+3	4,136719E-2
1,800000E+3	-6,781202E-1	1,800000E+3	4,328532E-2
1,801562E+3	-6,779891E-1	1,801562E+3	4,515406E-2
1,803125E+3	-6,776665E-1	1,803125E+3	4,729556E-2
1,804687E+3	-6,773776E-1	1,804687E+3	4,940400E-2
1,806250E+3	-6,769057E-1	1,806250E+3	5,230575E-2
1,807812E+3	-6,764757E-1	1,807812E+3	5,510926E-2
1,809375E+3	-6,759078E-1	1,809375E+3	5,748018E-2
1,810937E+3	-6,753776E-1	1,810937E+3	5,979561E-2
1,812500E+3	-6,745834E-1	1,812500E+3	6,260975E-2
1,814062E+3	-6,738346E-1	1,814062E+3	6,534858E-2
1,815625E+3	-6,728988E-1	1,815625E+3	6,833464E-2
1,817187E+3	-6,720118E-1	1,817187E+3	7,123652E-2
1,818750E+3	-6,708819E-1	1,818750E+3	7,436150E-2
1,820312E+3	-6,698190E-1	1,820312E+3	7,734897E-2
1,821875E+3	-6,687987E-1	1,821875E+3	7,940675E-2
1,823437E+3	-6,678320E-1	1,823437E+3	8,138611E-2
1,825000E+3	-6,666391E-1	1,825000E+3	8,351924E-2
1,826562E+3	-6,654627E-1	1,826562E+3	8,571615E-2
1,828125E+3	-6,630621E-1	1,828125E+3	9,151225E-2
1,829687E+3	-6,608020E-1	1,829687E+3	9,696174E-2
1,831250E+3	-6,594654E-1	1,831250E+3	9,833398E-2
1,832812E+3	-6,582337E-1	1,832812E+3	9,951502E-2
1,834375E+3	-6,577351E-1	1,834375E+3	9,805562E-2
1,835937E+3	-6,571933E-1	1,835937E+3	9,677744E-2
1,837500E+3	-6,548359E-1	1,837500E+3	1,007294E-1
1,839062E+3	-6,525289E-1	1,839062E+3	1,046653E-1
1,840625E+3	-6,486960E-1	1,840625E+3	1,115568E-1
1,842187E+3	-6,451451E-1	1,842187E+3	1,178953E-1
1,843750E+3	-6,442800E-1	1,843750E+3	1,167645E-1
1,845312E+3	-6,434466E-1	1,845312E+3	1,156244E-1
1,846875E+3	-6,421578E-1	1,846875E+3	1,152752E-1
1,848437E+3	-6,407454E-1	1,848437E+3	1,152663E-1
1,850000E+3	-6,347880E-1	1,850000E+3	1,246009E-1
1,851562E+3	-6,293516E-1	1,851562E+3	1,330435E-1
1,853125E+3	-6,296534E-1	1,853125E+3	1,288709E-1
1,854687E+3	-6,299128E-1	1,854687E+3	1,247527E-1
1,856250E+3	-6,293666E-1	1,856250E+3	1,223810E-1
1,857812E+3	-6,284443E-1	1,857812E+3	1,207005E-1
1,859375E+3	-6,179524E-1	1,859375E+3	1,359228E-1
1,860937E+3	-6,083576E-1	1,860937E+3	1,497879E-1
1,862500E+3	-6,063605E-1	1,862500E+3	1,492900E-1
1,864062E+3	-6,044537E-1	1,864062E+3	1,487561E-1
1,865625E+3	-6,021935E-1	1,865625E+3	1,484036E-1
1,867187E+3	-5,999939E-1	1,867187E+3	1,480710E-1
1,868750E+3	-5,965017E-1	1,868750E+3	1,492384E-1
1,870312E+3	-5,933502E-1	1,870312E+3	1,500922E-1
1,871875E+3	-5,939108E-1	1,871875E+3	1,450728E-1
1,873437E+3	-5,944544E-1	1,873437E+3	1,400330E-1
1,875000E+3	-5,952482E-1	1,875000E+3	1,347843E-1
1,876562E+3	-5,956521E-1	1,876562E+3	1,300148E-1
1,878125E+3	-5,878065E-1	1,878125E+3	1,369890E-1
1,879687E+3	-5,805329E-1	1,879687E+3	1,435714E-1
1,881250E+3	-5,752562E-1	1,881250E+3	1,470340E-1
1,882812E+3	-5,699680E-1	1,882812E+3	1,506398E-1
1,884375E+3	-5,572047E-1	1,884375E+3	1,604092E-1
1,885937E+3	-5,457390E-1	1,885937E+3	1,694116E-1
1,887500E+3	-5,427969E-1	1,887500E+3	1,682370E-1
1,889062E+3	-5,400016E-1	1,889062E+3	1,670654E-1
1,890625E+3	-5,372151E-1	1,890625E+3	1,657050E-1
1,892187E+3	-5,345703E-1	1,892187E+3	1,643482E-1
1,893750E+3	-5,319912E-1	1,893750E+3	1,626996E-1
1,895312E+3	-5,295432E-1	1,895312E+3	1,610614E-1
1,896875E+3	-5,271993E-1	1,896875E+3	1,592238E-1
1,898437E+3	-5,249761E-1	1,898437E+3	1,573996E-1
1,900000E+3	-5,228516E-1	1,900000E+3	1,554171E-1
1,901562E+3	-5,208398E-1	1,901562E+3	1,534469E-1
1,903125E+3	-5,189976E-1	1,903125E+3	1,513146E-1
1,904687E+3	-5,172633E-1	1,904687E+3	1,491929E-1
1,906250E+3	-5,158253E-1	1,906250E+3	1,469589E-1
1,907812E+3	-5,144790E-1	1,907812E+3	1,447306E-1
1,909375E+3	-5,133495E-1	1,909375E+3	1,424628E-1
1,910937E+3	-5,123113E-1	1,910937E+3	1,401902E-1
1,912500E+3	-5,116632E-1	1,912500E+3	1,378210E-1
1,914062E+3	-5,110920E-1	1,914062E+3	1,354498E-1
1,915625E+3	-5,108950E-1	1,915625E+3	1,333083E-1
1,917187E+3	-5,107831E-1	1,917187E+3	1,311215E-1
1,918750E+3	-5,112394E-1	1,918750E+3	1,285577E-1
1,920312E+3	-5,117461E-1	1,920312E+3	1,259595E-1
