Sample 2_Frequency [Hz]	Sound Pressure Level at Material Surface [dB]	
6,875000E+1	9,998711E+1
7,031250E+1	1,000044E+2
7,187500E+1	1,000217E+2
7,343750E+1	9,997111E+1
7,500000E+1	9,992025E+1
7,656250E+1	9,989865E+1
7,812500E+1	9,987698E+1
7,968750E+1	9,993347E+1
8,125000E+1	9,998958E+1
8,281250E+1	1,000004E+2
8,437500E+1	1,000112E+2
8,593750E+1	9,999934E+1
8,750000E+1	9,998743E+1
8,906250E+1	9,997162E+1
9,062500E+1	9,995577E+1
9,218750E+1	9,998768E+1
9,375000E+1	1,000195E+2
9,531250E+1	9,999841E+1
9,687500E+1	9,997731E+1
9,843750E+1	9,999022E+1
1,000000E+2	1,000031E+2
1,015625E+2	9,999388E+1
1,031250E+2	9,998464E+1
1,046875E+2	9,999530E+1
1,062500E+2	1,000059E+2
1,078125E+2	9,999856E+1
1,093750E+2	9,999116E+1
1,109375E+2	9,999618E+1
1,125000E+2	1,000012E+2
1,140625E+2	9,999446E+1
1,156250E+2	9,998770E+1
1,171875E+2	9,995623E+1
1,187500E+2	9,992464E+1
1,203125E+2	9,996281E+1
1,218750E+2	1,000008E+2
1,234375E+2	9,999193E+1
1,250000E+2	9,998304E+1
1,265625E+2	9,998537E+1
1,281250E+2	9,998771E+1
1,296875E+2	9,999745E+1
1,312500E+2	1,000072E+2
1,328125E+2	9,999582E+1
1,343750E+2	9,998445E+1
1,359375E+2	1,000192E+2
1,375000E+2	1,000537E+2
1,390625E+2	1,000373E+2
1,406250E+2	1,000208E+2
1,421875E+2	1,000127E+2
1,437500E+2	1,000047E+2
1,453125E+2	1,000008E+2
1,468750E+2	9,999694E+1
1,484375E+2	1,000087E+2
1,500000E+2	1,000203E+2
1,515625E+2	1,000152E+2
1,531250E+2	1,000100E+2
1,546875E+2	1,000030E+2
1,562500E+2	9,999596E+1
1,578125E+2	1,000031E+2
1,593750E+2	1,000103E+2
1,609375E+2	1,000087E+2
1,625000E+2	1,000072E+2
1,640625E+2	1,000032E+2
1,656250E+2	9,999928E+1
1,671875E+2	1,000068E+2
1,687500E+2	1,000142E+2
1,703125E+2	1,000105E+2
1,718750E+2	1,000067E+2
1,734375E+2	1,000015E+2
1,750000E+2	9,999622E+1
1,765625E+2	9,998699E+1
1,781250E+2	9,997775E+1
1,796875E+2	9,989230E+1
1,812500E+2	9,980600E+1
1,828125E+2	9,990610E+1
1,843750E+2	1,000051E+2
1,859375E+2	1,000194E+2
1,875000E+2	1,000338E+2
1,890625E+2	1,000899E+2
1,906250E+2	1,001457E+2
1,921875E+2	1,001248E+2
1,937500E+2	1,001037E+2
1,953125E+2	1,000160E+2
1,968750E+2	9,992741E+1
1,984375E+2	9,990040E+1
2,000000E+2	9,987330E+1
2,015625E+2	9,998276E+1
2,031250E+2	1,000909E+2
2,046875E+2	1,001208E+2
2,062500E+2	1,001507E+2
2,078125E+2	1,000806E+2
2,093750E+2	1,000100E+2
2,109375E+2	9,995907E+1
2,125000E+2	9,990789E+1
2,140625E+2	9,991252E+1
2,156250E+2	9,991716E+1
2,171875E+2	1,000433E+2
2,187500E+2	1,001676E+2
2,203125E+2	1,000762E+2
2,218750E+2	9,998393E+1
2,234375E+2	1,000262E+2
2,250000E+2	1,000683E+2
2,265625E+2	9,999482E+1
2,281250E+2	9,992070E+1
2,296875E+2	9,990498E+1
2,312500E+2	9,988924E+1
2,328125E+2	1,000573E+2
2,343750E+2	1,002222E+2
2,359375E+2	1,001585E+2
2,375000E+2	1,000943E+2
2,390625E+2	1,002000E+2
2,406250E+2	1,003043E+2
2,421875E+2	1,002806E+2
2,437500E+2	1,002567E+2
2,453125E+2	1,003254E+2
2,468750E+2	1,003936E+2
2,484375E+2	1,003120E+2
2,500000E+2	1,002297E+2
2,515625E+2	1,000268E+2
2,531250E+2	9,981913E+1
2,546875E+2	9,953864E+1
2,562500E+2	9,924878E+1
2,578125E+2	9,889038E+1
2,593750E+2	9,851655E+1
2,609375E+2	9,964346E+1
2,625000E+2	1,006408E+2
2,640625E+2	1,010000E+2
2,656250E+2	1,013449E+2
2,671875E+2	1,016024E+2
2,687500E+2	1,018525E+2
2,703125E+2	1,020194E+2
2,718750E+2	1,021831E+2
2,734375E+2	1,022643E+2
2,750000E+2	1,023447E+2
2,765625E+2	1,023421E+2
2,781250E+2	1,023396E+2
2,796875E+2	1,022544E+2
2,812500E+2	1,021683E+2
2,828125E+2	1,007743E+2
2,843750E+2	9,911299E+1
2,859375E+2	9,939029E+1
2,875000E+2	9,965901E+1
2,890625E+2	9,984277E+1
2,906250E+2	1,000227E+2
2,921875E+2	1,001182E+2
2,937500E+2	1,002127E+2
2,953125E+2	1,000414E+2
2,968750E+2	9,986674E+1
2,984375E+2	9,988992E+1
3,000000E+2	9,991303E+1
3,015625E+2	9,995440E+1
3,031250E+2	9,999556E+1
3,046875E+2	1,000423E+2
3,062500E+2	1,000889E+2
3,078125E+2	1,000090E+2
3,093750E+2	9,992830E+1
3,109375E+2	9,998250E+1
3,125000E+2	1,000364E+2
3,140625E+2	9,999521E+1
3,156250E+2	9,995385E+1
3,171875E+2	9,997600E+1
3,187500E+2	9,999808E+1
3,203125E+2	1,000074E+2
3,218750E+2	1,000167E+2
3,234375E+2	9,997790E+1
3,250000E+2	9,993891E+1
3,265625E+2	9,998463E+1
3,281250E+2	1,000301E+2
3,296875E+2	1,000054E+2
3,312500E+2	9,998052E+1
3,328125E+2	1,000010E+2
3,343750E+2	1,000215E+2
3,359375E+2	1,000142E+2
3,375000E+2	1,000068E+2
3,390625E+2	9,999268E+1
3,406250E+2	9,997850E+1
3,421875E+2	9,998351E+1
3,437500E+2	9,998852E+1
3,453125E+2	9,999143E+1
3,468750E+2	9,999435E+1
3,484375E+2	1,000044E+2
3,500000E+2	1,000145E+2
3,515625E+2	1,000135E+2
3,531250E+2	1,000125E+2
3,546875E+2	9,998072E+1
3,562500E+2	9,994884E+1
3,578125E+2	9,999534E+1
3,593750E+2	1,000416E+2
3,609375E+2	1,000125E+2
3,625000E+2	9,998324E+1
3,640625E+2	9,998995E+1
3,656250E+2	9,999665E+1
3,671875E+2	1,000061E+2
3,687500E+2	1,000156E+2
3,703125E+2	1,000024E+2
3,718750E+2	9,998909E+1
3,734375E+2	9,999023E+1
3,750000E+2	9,999137E+1
3,765625E+2	9,999473E+1
3,781250E+2	9,999809E+1
3,796875E+2	9,999356E+1
3,812500E+2	9,998902E+1
3,828125E+2	9,998854E+1
3,843750E+2	9,998805E+1
3,859375E+2	9,999161E+1
3,875000E+2	9,999516E+1
3,890625E+2	9,999705E+1
3,906250E+2	9,999894E+1
3,921875E+2	9,999645E+1
3,937500E+2	9,999397E+1
3,953125E+2	9,999355E+1
3,968750E+2	9,999313E+1
3,984375E+2	9,999283E+1
4,000000E+2	9,999253E+1
4,015625E+2	9,999193E+1
4,031250E+2	9,999133E+1
4,046875E+2	9,999244E+1
4,062500E+2	9,999355E+1
4,078125E+2	9,999314E+1
4,093750E+2	9,999273E+1
4,109375E+2	9,999185E+1
4,125000E+2	9,999096E+1
4,140625E+2	9,999239E+1
4,156250E+2	9,999382E+1
4,171875E+2	9,999443E+1
4,187500E+2	9,999503E+1
4,203125E+2	9,999450E+1
4,218750E+2	9,999396E+1
4,234375E+2	9,999402E+1
4,250000E+2	9,999409E+1
4,265625E+2	9,999386E+1
4,281250E+2	9,999363E+1
4,296875E+2	9,999359E+1
4,312500E+2	9,999356E+1
4,328125E+2	9,999405E+1
4,343750E+2	9,999455E+1
4,359375E+2	9,999341E+1
4,375000E+2	9,999226E+1
4,390625E+2	9,999403E+1
4,406250E+2	9,999581E+1
4,421875E+2	9,999446E+1
4,437500E+2	9,999311E+1
4,453125E+2	9,999368E+1
4,468750E+2	9,999426E+1
4,484375E+2	9,999391E+1
4,500000E+2	9,999356E+1
4,515625E+2	9,999211E+1
4,531250E+2	9,999067E+1
4,546875E+2	9,999036E+1
4,562500E+2	9,999005E+1
4,578125E+2	9,999258E+1
4,593750E+2	9,999511E+1
4,609375E+2	9,999226E+1
4,625000E+2	9,998941E+1
4,640625E+2	9,999367E+1
4,656250E+2	9,999792E+1
4,671875E+2	9,999657E+1
4,687500E+2	9,999522E+1
4,703125E+2	9,999480E+1
4,718750E+2	9,999437E+1
4,734375E+2	9,999446E+1
4,750000E+2	9,999454E+1
4,765625E+2	9,999365E+1
4,781250E+2	9,999276E+1
4,796875E+2	9,999192E+1
4,812500E+2	9,999108E+1
4,828125E+2	9,999196E+1
4,843750E+2	9,999284E+1
4,859375E+2	9,999328E+1
4,875000E+2	9,999372E+1
4,890625E+2	9,999365E+1
4,906250E+2	9,999358E+1
4,921875E+2	9,999321E+1
4,937500E+2	9,999285E+1
4,953125E+2	9,999351E+1
4,968750E+2	9,999417E+1
4,984375E+2	9,999551E+1
5,000000E+2	9,999686E+1
5,015625E+2	9,999571E+1
5,031250E+2	9,999456E+1
5,046875E+2	9,999494E+1
5,062500E+2	9,999532E+1
5,078125E+2	9,999467E+1
5,093750E+2	9,999402E+1
5,109375E+2	9,999249E+1
5,125000E+2	9,999097E+1
5,140625E+2	9,999103E+1
5,156250E+2	9,999109E+1
5,171875E+2	9,999106E+1
5,187500E+2	9,999102E+1
5,203125E+2	9,999156E+1
5,218750E+2	9,999210E+1
5,234375E+2	9,999322E+1
5,250000E+2	9,999434E+1
5,265625E+2	9,999500E+1
5,281250E+2	9,999567E+1
5,296875E+2	9,999759E+1
5,312500E+2	9,999952E+1
5,328125E+2	9,999607E+1
5,343750E+2	9,999263E+1
5,359375E+2	9,998961E+1
5,375000E+2	9,998658E+1
5,390625E+2	9,997826E+1
5,406250E+2	9,996992E+1
5,421875E+2	9,985292E+1
5,437500E+2	9,973432E+1
5,453125E+2	9,983015E+1
5,468750E+2	9,992495E+1
5,484375E+2	9,997289E+1
5,500000E+2	1,000206E+2
5,515625E+2	1,000041E+2
5,531250E+2	9,998761E+1
5,546875E+2	9,994286E+1
5,562500E+2	9,989788E+1
5,578125E+2	9,992767E+1
5,593750E+2	9,995737E+1
5,609375E+2	9,997891E+1
5,625000E+2	1,000004E+2
5,640625E+2	9,999980E+1
5,656250E+2	9,999920E+1
5,671875E+2	9,996310E+1
5,687500E+2	9,992684E+1
5,703125E+2	9,984931E+1
5,718750E+2	9,977107E+1
5,734375E+2	9,965857E+1
5,750000E+2	9,954459E+1
5,765625E+2	9,949888E+1
5,781250E+2	9,945292E+1
5,796875E+2	9,950414E+1
5,812500E+2	9,955506E+1
5,828125E+2	9,947456E+1
5,843750E+2	9,939331E+1
5,859375E+2	9,955884E+1
5,875000E+2	9,972128E+1
5,890625E+2	9,981858E+1
5,906250E+2	9,991481E+1
5,921875E+2	9,995947E+1
5,937500E+2	1,000039E+2
5,953125E+2	9,999845E+1
5,968750E+2	9,999300E+1
5,984375E+2	9,998073E+1
6,000000E+2	9,996845E+1
6,015625E+2	9,998047E+1
6,031250E+2	9,999247E+1
6,046875E+2	9,999825E+1
6,062500E+2	1,000040E+2
6,078125E+2	1,000015E+2
6,093750E+2	9,999907E+1
6,109375E+2	9,998219E+1
6,125000E+2	9,996528E+1
6,140625E+2	9,998723E+1
6,156250E+2	1,000091E+2
6,171875E+2	1,000016E+2
6,187500E+2	9,999409E+1
6,203125E+2	9,999341E+1
6,218750E+2	9,999272E+1
6,234375E+2	9,999706E+1
6,250000E+2	1,000014E+2
6,265625E+2	9,999570E+1
6,281250E+2	9,999000E+1
6,296875E+2	9,999314E+1
6,312500E+2	9,999628E+1
6,328125E+2	9,999487E+1
6,343750E+2	9,999346E+1
6,359375E+2	9,999207E+1
6,375000E+2	9,999069E+1
6,390625E+2	9,999198E+1
6,406250E+2	9,999328E+1
6,421875E+2	9,999142E+1
6,437500E+2	9,998956E+1
6,453125E+2	9,999060E+1
6,468750E+2	9,999164E+1
6,484375E+2	9,999116E+1
6,500000E+2	9,999068E+1
6,515625E+2	9,999210E+1
6,531250E+2	9,999352E+1
6,546875E+2	9,999133E+1
6,562500E+2	9,998914E+1
6,578125E+2	9,999122E+1
6,593750E+2	9,999330E+1
6,609375E+2	9,999327E+1
6,625000E+2	9,999325E+1
6,640625E+2	9,999467E+1
6,656250E+2	9,999610E+1
6,671875E+2	9,999454E+1
6,687500E+2	9,999298E+1
6,703125E+2	9,999347E+1
6,718750E+2	9,999396E+1
6,734375E+2	9,999408E+1
6,750000E+2	9,999420E+1
6,765625E+2	9,999286E+1
6,781250E+2	9,999152E+1
6,796875E+2	9,999373E+1
6,812500E+2	9,999595E+1
6,828125E+2	9,999556E+1
6,843750E+2	9,999516E+1
6,859375E+2	9,999480E+1
6,875000E+2	9,999445E+1
6,890625E+2	9,999415E+1
6,906250E+2	9,999385E+1
6,921875E+2	9,999466E+1
6,937500E+2	9,999547E+1
6,953125E+2	9,999583E+1
6,968750E+2	9,999619E+1
6,984375E+2	9,999587E+1
7,000000E+2	9,999556E+1
7,015625E+2	9,999527E+1
7,031250E+2	9,999498E+1
7,046875E+2	9,999516E+1
7,062500E+2	9,999535E+1
7,078125E+2	9,999529E+1
7,093750E+2	9,999523E+1
7,109375E+2	9,999518E+1
7,125000E+2	9,999513E+1
7,140625E+2	9,999473E+1
7,156250E+2	9,999433E+1
7,171875E+2	9,999456E+1
7,187500E+2	9,999478E+1
7,203125E+2	9,999492E+1
7,218750E+2	9,999506E+1
7,234375E+2	9,999588E+1
7,250000E+2	9,999671E+1
7,265625E+2	9,999565E+1
7,281250E+2	9,999459E+1
7,296875E+2	9,999537E+1
7,312500E+2	9,999615E+1
7,328125E+2	9,999590E+1
7,343750E+2	9,999564E+1
7,359375E+2	9,999468E+1
7,375000E+2	9,999372E+1
7,390625E+2	9,999509E+1
7,406250E+2	9,999646E+1
7,421875E+2	9,999567E+1
7,437500E+2	9,999488E+1
7,453125E+2	9,999401E+1
7,468750E+2	9,999314E+1
7,484375E+2	9,999409E+1
7,500000E+2	9,999503E+1
7,515625E+2	9,999470E+1
7,531250E+2	9,999437E+1
7,546875E+2	9,999473E+1
7,562500E+2	9,999509E+1
7,578125E+2	9,999535E+1
7,593750E+2	9,999560E+1
7,609375E+2	9,999549E+1
7,625000E+2	9,999538E+1
7,640625E+2	9,999479E+1
7,656250E+2	9,999421E+1
7,671875E+2	9,999468E+1
7,687500E+2	9,999515E+1
7,703125E+2	9,999521E+1
7,718750E+2	9,999526E+1
7,734375E+2	9,999478E+1
7,750000E+2	9,999430E+1
7,765625E+2	9,999442E+1
7,781250E+2	9,999453E+1
7,796875E+2	9,999478E+1
7,812500E+2	9,999502E+1
7,828125E+2	9,999421E+1
7,843750E+2	9,999341E+1
7,859375E+2	9,999336E+1
7,875000E+2	9,999330E+1
7,890625E+2	9,999392E+1
7,906250E+2	9,999454E+1
7,921875E+2	9,999495E+1
7,937500E+2	9,999535E+1
7,953125E+2	9,999554E+1
7,968750E+2	9,999572E+1
7,984375E+2	9,999573E+1
8,000000E+2	9,999574E+1
8,015625E+2	9,999651E+1
8,031250E+2	9,999728E+1
8,046875E+2	9,999862E+1
8,062500E+2	9,999997E+1
8,078125E+2	9,999982E+1
8,093750E+2	9,999967E+1
8,109375E+2	9,999821E+1
8,125000E+2	9,999674E+1
8,140625E+2	9,999791E+1
8,156250E+2	9,999909E+1
8,171875E+2	9,999784E+1
8,187500E+2	9,999660E+1
8,203125E+2	9,999709E+1
8,218750E+2	9,999758E+1
8,234375E+2	9,999605E+1
8,250000E+2	9,999452E+1
8,265625E+2	9,999501E+1
8,281250E+2	9,999551E+1
8,296875E+2	9,999434E+1
8,312500E+2	9,999316E+1
8,328125E+2	9,998947E+1
8,343750E+2	9,998577E+1
8,359375E+2	9,998304E+1
8,375000E+2	9,998030E+1
8,390625E+2	9,997647E+1
8,406250E+2	9,997265E+1
8,421875E+2	9,997242E+1
8,437500E+2	9,997218E+1
8,453125E+2	9,997543E+1
8,468750E+2	9,997868E+1
8,484375E+2	9,998380E+1
8,500000E+2	9,998892E+1
8,515625E+2	9,999505E+1
8,531250E+2	1,000012E+2
8,546875E+2	1,000039E+2
8,562500E+2	1,000066E+2
8,578125E+2	1,000075E+2
8,593750E+2	1,000084E+2
8,609375E+2	1,000085E+2
8,625000E+2	1,000086E+2
8,640625E+2	1,000077E+2
8,656250E+2	1,000069E+2
8,671875E+2	1,000054E+2
8,687500E+2	1,000039E+2
8,703125E+2	1,000021E+2
8,718750E+2	1,000003E+2
8,734375E+2	9,999879E+1
8,750000E+2	9,999732E+1
8,765625E+2	9,999692E+1
8,781250E+2	9,999652E+1
8,796875E+2	9,999852E+1
8,812500E+2	1,000005E+2
8,828125E+2	9,999771E+1
8,843750E+2	9,999489E+1
8,859375E+2	9,998930E+1
8,875000E+2	9,998371E+1
8,890625E+2	9,998648E+1
8,906250E+2	9,998925E+1
8,921875E+2	9,999081E+1
8,937500E+2	9,999238E+1
8,953125E+2	9,999310E+1
8,968750E+2	9,999382E+1
8,984375E+2	9,999378E+1
9,000000E+2	9,999374E+1
9,015625E+2	9,999346E+1
9,031250E+2	9,999317E+1
9,046875E+2	9,999325E+1
9,062500E+2	9,999333E+1
9,078125E+2	9,999329E+1
9,093750E+2	9,999325E+1
9,109375E+2	9,999308E+1
9,125000E+2	9,999291E+1
9,140625E+2	9,999349E+1
9,156250E+2	9,999407E+1
9,171875E+2	9,999450E+1
9,187500E+2	9,999493E+1
9,203125E+2	9,999375E+1
9,218750E+2	9,999256E+1
9,234375E+2	9,999354E+1
9,250000E+2	9,999451E+1
9,265625E+2	9,999391E+1
9,281250E+2	9,999332E+1
9,296875E+2	9,999371E+1
9,312500E+2	9,999411E+1
9,328125E+2	9,999449E+1
9,343750E+2	9,999487E+1
9,359375E+2	9,999474E+1
9,375000E+2	9,999462E+1
9,390625E+2	9,999365E+1
9,406250E+2	9,999268E+1
9,421875E+2	9,999354E+1
9,437500E+2	9,999440E+1
9,453125E+2	9,999471E+1
9,468750E+2	9,999502E+1
9,484375E+2	9,999406E+1
9,500000E+2	9,999310E+1
9,515625E+2	9,997360E+1
9,531250E+2	9,995406E+1
9,546875E+2	9,996857E+1
9,562500E+2	9,998307E+1
9,578125E+2	9,998663E+1
9,593750E+2	9,999019E+1
9,609375E+2	1,000022E+2
9,625000E+2	1,000142E+2
9,640625E+2	9,998345E+1
9,656250E+2	9,995255E+1
9,671875E+2	9,998409E+1
9,687500E+2	1,000155E+2
9,703125E+2	1,000056E+2
9,718750E+2	9,999560E+1
9,734375E+2	9,999012E+1
9,750000E+2	9,998463E+1
9,765625E+2	1,000063E+2
9,781250E+2	1,000280E+2
9,796875E+2	9,996741E+1
9,812500E+2	9,990642E+1
9,828125E+2	9,998941E+1
9,843750E+2	1,000716E+2
9,859375E+2	9,997747E+1
9,875000E+2	9,988229E+1
9,890625E+2	9,996242E+1
9,906250E+2	1,000418E+2
9,921875E+2	1,000117E+2
9,937500E+2	9,998151E+1
9,953125E+2	9,998858E+1
9,968750E+2	9,999565E+1
9,984375E+2	9,999546E+1
1,000000E+3	9,999527E+1
1,001562E+3	9,998877E+1
1,003125E+3	9,998228E+1
1,004687E+3	9,999987E+1
1,006250E+3	1,000174E+2
1,007812E+3	9,998437E+1
1,009375E+3	9,995118E+1
1,010937E+3	9,998331E+1
1,012500E+3	1,000153E+2
1,014062E+3	9,999588E+1
1,015625E+3	9,997639E+1
1,017187E+3	9,999030E+1
1,018750E+3	1,000042E+2
1,020312E+3	9,999472E+1
1,021875E+3	9,998525E+1
1,023437E+3	9,999127E+1
1,025000E+3	9,999729E+1
1,026562E+3	9,999633E+1
1,028125E+3	9,999537E+1
1,029687E+3	9,999187E+1
1,031250E+3	9,998837E+1
1,032812E+3	9,999231E+1
1,034375E+3	9,999624E+1
1,035937E+3	9,999652E+1
1,037500E+3	9,999681E+1
1,039062E+3	9,999442E+1
1,040625E+3	9,999204E+1
1,042187E+3	9,999084E+1
1,043750E+3	9,998964E+1
1,045312E+3	9,998630E+1
1,046875E+3	9,998295E+1
1,048437E+3	9,998459E+1
1,050000E+3	9,998622E+1
1,051562E+3	9,998714E+1
1,053125E+3	9,998806E+1
1,054687E+3	9,998598E+1
1,056250E+3	9,998390E+1
1,057812E+3	9,998185E+1
1,059375E+3	9,997980E+1
1,060937E+3	9,999285E+1
1,062500E+3	1,000059E+2
1,064062E+3	1,000303E+2
1,065625E+3	1,000546E+2
1,067187E+3	1,000525E+2
1,068750E+3	1,000503E+2
1,070312E+3	1,000337E+2
1,071875E+3	1,000171E+2
1,073437E+3	1,000112E+2
1,075000E+3	1,000053E+2
1,076562E+3	9,998489E+1
1,078125E+3	9,996446E+1
1,079687E+3	9,996410E+1
1,081250E+3	9,996374E+1
1,082812E+3	9,997884E+1
1,084375E+3	9,999391E+1
1,085937E+3	9,999782E+1
1,087500E+3	1,000017E+2
1,089062E+3	9,999973E+1
1,090625E+3	9,999772E+1
1,092187E+3	9,999294E+1
1,093750E+3	9,998816E+1
1,095312E+3	9,996952E+1
1,096875E+3	9,995085E+1
1,098437E+3	9,976135E+1
1,100000E+3	9,956762E+1
1,101562E+3	9,967626E+1
1,103125E+3	9,978355E+1
1,104687E+3	9,997272E+1
1,106250E+3	1,001579E+2
1,107812E+3	1,002654E+2
1,109375E+3	1,003717E+2
1,110937E+3	1,003991E+2
1,112500E+3	1,004265E+2
1,114062E+3	1,003737E+2
1,115625E+3	1,003207E+2
1,117187E+3	1,001008E+2
1,118750E+3	9,987516E+1
1,120312E+3	9,994172E+1
1,121875E+3	1,000078E+2
1,123437E+3	9,999430E+1
1,125000E+3	9,998081E+1
1,126562E+3	9,997135E+1
1,128125E+3	9,996189E+1
1,129687E+3	9,997610E+1
1,131250E+3	9,999028E+1
1,132812E+3	9,999720E+1
1,134375E+3	1,000041E+2
1,135937E+3	1,000046E+2
1,137500E+3	1,000050E+2
1,139062E+3	1,000002E+2
1,140625E+3	9,999530E+1
1,142187E+3	9,999678E+1
1,143750E+3	9,999826E+1
1,145312E+3	9,999744E+1
1,146875E+3	9,999663E+1
1,148437E+3	9,999546E+1
1,150000E+3	9,999428E+1
1,151562E+3	9,999411E+1
1,153125E+3	9,999393E+1
1,154687E+3	9,999388E+1
1,156250E+3	9,999382E+1
1,157812E+3	9,999337E+1
1,159375E+3	9,999293E+1
1,160937E+3	9,999356E+1
1,162500E+3	9,999419E+1
1,164062E+3	9,999479E+1
1,165625E+3	9,999539E+1
1,167187E+3	9,999512E+1
1,168750E+3	9,999484E+1
1,170312E+3	9,999423E+1
1,171875E+3	9,999363E+1
1,173437E+3	9,999581E+1
1,175000E+3	9,999799E+1
1,176562E+3	9,999494E+1
1,178125E+3	9,999189E+1
1,179687E+3	9,999355E+1
1,181250E+3	9,999520E+1
1,182812E+3	9,999630E+1
1,184375E+3	9,999740E+1
1,185937E+3	9,999929E+1
1,187500E+3	1,000012E+2
1,189062E+3	1,000007E+2
1,190625E+3	1,000002E+2
1,192187E+3	9,999932E+1
1,193750E+3	9,999840E+1
1,195312E+3	9,999699E+1
1,196875E+3	9,999558E+1
1,198437E+3	9,999549E+1
1,200000E+3	9,999540E+1
1,201562E+3	9,999566E+1
1,203125E+3	9,999592E+1
1,204687E+3	9,999732E+1
1,206250E+3	9,999873E+1
1,207812E+3	9,999686E+1
1,209375E+3	9,999500E+1
1,210937E+3	9,999512E+1
1,212500E+3	9,999523E+1
1,214062E+3	9,999577E+1
1,215625E+3	9,999630E+1
1,217187E+3	9,999741E+1
1,218750E+3	9,999852E+1
1,220312E+3	9,999559E+1
1,221875E+3	9,999266E+1
1,223437E+3	9,999432E+1
1,225000E+3	9,999597E+1
1,226562E+3	1,000138E+2
1,228125E+3	1,000315E+2
1,229687E+3	9,999973E+1
1,231250E+3	9,996781E+1
1,232812E+3	9,997156E+1
1,234375E+3	9,997530E+1
1,235937E+3	9,998430E+1
1,237500E+3	9,999329E+1
1,239062E+3	9,999559E+1
1,240625E+3	9,999790E+1
1,242187E+3	1,000002E+2
1,243750E+3	1,000025E+2
1,245312E+3	1,000011E+2
1,246875E+3	9,999979E+1
1,248437E+3	9,999851E+1
1,250000E+3	9,999723E+1
1,251562E+3	9,999808E+1
1,253125E+3	9,999893E+1
1,254687E+3	9,999875E+1
1,256250E+3	9,999857E+1
1,257812E+3	9,999890E+1
1,259375E+3	9,999923E+1
1,260937E+3	9,999887E+1
1,262500E+3	9,999851E+1
1,264062E+3	9,999827E+1
1,265625E+3	9,999803E+1
1,267187E+3	9,999769E+1
1,268750E+3	9,999736E+1
1,270312E+3	9,999671E+1
1,271875E+3	9,999606E+1
1,273437E+3	9,999713E+1
1,275000E+3	9,999820E+1
1,276562E+3	9,999862E+1
1,278125E+3	9,999904E+1
1,279687E+3	9,999758E+1
1,281250E+3	9,999612E+1
1,282812E+3	9,999762E+1
1,284375E+3	9,999912E+1
1,285937E+3	9,999954E+1
1,287500E+3	9,999997E+1
1,289062E+3	9,999770E+1
1,290625E+3	9,999543E+1
1,292187E+3	9,999478E+1
1,293750E+3	9,999412E+1
1,295312E+3	9,999343E+1
1,296875E+3	9,999273E+1
1,298437E+3	9,999306E+1
1,300000E+3	9,999339E+1
1,301562E+3	9,999439E+1
1,303125E+3	9,999539E+1
1,304687E+3	1,000004E+2
1,306250E+3	1,000053E+2
1,307812E+3	1,000046E+2
1,309375E+3	1,000039E+2
1,310937E+3	1,000017E+2
1,312500E+3	9,999955E+1
1,314062E+3	9,999494E+1
1,315625E+3	9,999033E+1
1,317187E+3	9,999194E+1
1,318750E+3	9,999354E+1
1,320312E+3	9,999158E+1
1,321875E+3	9,998963E+1
1,323437E+3	9,998840E+1
1,325000E+3	9,998718E+1
1,326562E+3	9,999301E+1
1,328125E+3	9,999885E+1
1,329687E+3	9,999410E+1
1,331250E+3	9,998935E+1
1,332812E+3	9,998448E+1
1,334375E+3	9,997962E+1
1,335937E+3	9,999404E+1
1,337500E+3	1,000084E+2
1,339062E+3	1,000093E+2
1,340625E+3	1,000101E+2
1,342187E+3	1,000154E+2
1,343750E+3	1,000206E+2
1,345312E+3	1,000235E+2
1,346875E+3	1,000264E+2
1,348437E+3	1,000230E+2
1,350000E+3	1,000196E+2
1,351562E+3	1,000135E+2
1,353125E+3	1,000075E+2
1,354687E+3	9,999975E+1
1,356250E+3	9,999203E+1
1,357812E+3	9,998957E+1
1,359375E+3	9,998711E+1
1,360937E+3	9,998291E+1
1,362500E+3	9,997871E+1
1,364062E+3	9,996715E+1
1,365625E+3	9,995557E+1
1,367187E+3	9,994071E+1
1,368750E+3	9,992583E+1
1,370312E+3	9,989286E+1
1,371875E+3	9,985975E+1
1,373437E+3	9,982492E+1
1,375000E+3	9,978994E+1
1,376562E+3	9,972440E+1
1,378125E+3	9,965837E+1
1,379687E+3	9,978005E+1
1,381250E+3	9,990005E+1
1,382812E+3	9,999857E+1
1,384375E+3	1,000960E+2
1,385937E+3	1,001399E+2
1,387500E+3	1,001836E+2
1,389062E+3	1,001678E+2
1,390625E+3	1,001519E+2
1,392187E+3	1,001322E+2
1,393750E+3	1,001124E+2
1,395312E+3	1,001053E+2
1,396875E+3	1,000981E+2
1,398437E+3	1,000804E+2
1,400000E+3	1,000626E+2
1,401562E+3	1,000470E+2
1,403125E+3	1,000314E+2
1,404687E+3	1,000184E+2
1,406250E+3	1,000054E+2
1,407812E+3	1,000027E+2
1,409375E+3	1,000001E+2
1,410937E+3	9,999574E+1
1,412500E+3	9,999142E+1
1,414062E+3	9,999218E+1
1,415625E+3	9,999295E+1
1,417187E+3	9,999250E+1
1,418750E+3	9,999204E+1
1,420312E+3	9,999219E+1
1,421875E+3	9,999234E+1
1,423437E+3	9,998980E+1
1,425000E+3	9,998725E+1
1,426562E+3	9,998550E+1
1,428125E+3	9,998375E+1
1,429687E+3	9,999207E+1
1,431250E+3	1,000004E+2
1,432812E+3	9,999486E+1
1,434375E+3	9,998933E+1
1,435937E+3	9,999349E+1
1,437500E+3	9,999764E+1
1,439062E+3	9,999218E+1
1,440625E+3	9,998671E+1
1,442187E+3	9,999322E+1
1,443750E+3	9,999972E+1
1,445312E+3	9,999768E+1
1,446875E+3	9,999565E+1
1,448437E+3	9,999914E+1
1,450000E+3	1,000026E+2
1,451562E+3	9,999526E+1
1,453125E+3	9,998789E+1
1,454687E+3	9,999434E+1
1,456250E+3	1,000008E+2
1,457812E+3	1,000019E+2
1,459375E+3	1,000030E+2
1,460937E+3	1,000022E+2
1,462500E+3	1,000014E+2
1,464062E+3	9,999787E+1
1,465625E+3	9,999437E+1
1,467187E+3	9,999755E+1
1,468750E+3	1,000007E+2
1,470312E+3	1,000052E+2
1,471875E+3	1,000097E+2
1,473437E+3	1,000026E+2
1,475000E+3	9,999552E+1
1,476562E+3	9,999777E+1
1,478125E+3	1,000000E+2
1,479687E+3	1,000035E+2
1,481250E+3	1,000071E+2
1,482812E+3	1,000063E+2
1,484375E+3	1,000055E+2
1,485937E+3	1,000028E+2
1,487500E+3	1,000001E+2
1,489062E+3	9,999543E+1
1,490625E+3	9,999078E+1
1,492187E+3	9,999414E+1
1,493750E+3	9,999749E+1
1,495312E+3	9,999965E+1
1,496875E+3	1,000018E+2
1,498437E+3	9,999870E+1
1,500000E+3	9,999559E+1
1,501562E+3	9,999521E+1
1,503125E+3	9,999484E+1
1,504687E+3	9,999591E+1
1,506250E+3	9,999697E+1
1,507812E+3	9,999553E+1
1,509375E+3	9,999409E+1
1,510937E+3	9,999634E+1
1,512500E+3	9,999859E+1
1,514062E+3	9,999492E+1
1,515625E+3	9,999126E+1
1,517187E+3	9,999060E+1
1,518750E+3	9,998994E+1
1,520312E+3	9,998935E+1
1,521875E+3	9,998876E+1
1,523437E+3	9,998832E+1
1,525000E+3	9,998788E+1
1,526562E+3	9,999071E+1
1,528125E+3	9,999353E+1
1,529687E+3	9,999409E+1
1,531250E+3	9,999465E+1
1,532812E+3	9,998903E+1
1,534375E+3	9,998340E+1
1,535937E+3	9,998890E+1
1,537500E+3	9,999440E+1
1,539062E+3	9,999288E+1
1,540625E+3	9,999136E+1
1,542187E+3	9,999292E+1
1,543750E+3	9,999447E+1
1,545312E+3	9,999406E+1
1,546875E+3	9,999364E+1
1,548437E+3	9,999492E+1
1,550000E+3	9,999620E+1
1,551562E+3	9,999620E+1
1,553125E+3	9,999621E+1
1,554687E+3	9,999726E+1
1,556250E+3	9,999832E+1
1,557812E+3	9,999909E+1
1,559375E+3	9,999986E+1
1,560937E+3	1,000002E+2
1,562500E+3	1,000005E+2
1,564062E+3	1,000004E+2
1,565625E+3	1,000003E+2
1,567187E+3	1,000000E+2
1,568750E+3	9,999975E+1
1,570312E+3	1,000006E+2
1,571875E+3	1,000014E+2
1,573437E+3	1,000005E+2
1,575000E+3	9,999970E+1
1,576562E+3	1,000002E+2
1,578125E+3	1,000007E+2
1,579687E+3	1,000054E+2
1,581250E+3	1,000102E+2
1,582812E+3	1,000157E+2
1,584375E+3	1,000212E+2
1,585937E+3	1,000086E+2
1,587500E+3	9,999587E+1
1,589062E+3	9,999758E+1
1,590625E+3	9,999929E+1
1,592187E+3	9,999916E+1
1,593750E+3	9,999903E+1
1,595312E+3	1,000005E+2
1,596875E+3	1,000021E+2
1,598437E+3	9,999884E+1
1,600000E+3	9,999563E+1
1,601562E+3	9,999824E+1
1,603125E+3	1,000009E+2
1,604687E+3	1,000003E+2
1,606250E+3	9,999975E+1
1,607812E+3	1,000037E+2
1,609375E+3	1,000076E+2
1,610937E+3	1,000025E+2
1,612500E+3	9,999731E+1
1,614062E+3	9,999949E+1
1,615625E+3	1,000017E+2
1,617187E+3	9,999630E+1
1,618750E+3	9,999093E+1
1,620312E+3	9,998501E+1
1,621875E+3	9,997908E+1
1,623437E+3	9,997535E+1
1,625000E+3	9,997161E+1
1,626562E+3	9,996467E+1
1,628125E+3	9,995772E+1
1,629687E+3	9,995346E+1
1,631250E+3	9,994919E+1
1,632812E+3	9,992956E+1
1,634375E+3	9,990989E+1
1,635937E+3	9,987650E+1
1,637500E+3	9,984299E+1
1,639062E+3	9,986264E+1
1,640625E+3	9,988226E+1
1,642187E+3	9,991858E+1
1,643750E+3	9,995475E+1
1,645312E+3	1,000324E+2
1,646875E+3	1,001093E+2
1,648437E+3	1,001328E+2
1,650000E+3	1,001563E+2
1,651562E+3	1,001086E+2
1,653125E+3	1,000606E+2
1,654687E+3	1,000610E+2
1,656250E+3	1,000615E+2
1,657812E+3	1,000379E+2
1,659375E+3	1,000143E+2
1,660937E+3	1,000134E+2
1,662500E+3	1,000126E+2
1,664062E+3	1,000222E+2
1,665625E+3	1,000319E+2
1,667187E+3	1,000055E+2
1,668750E+3	9,997913E+1
1,670312E+3	9,998469E+1
1,671875E+3	9,999024E+1
1,673437E+3	9,999731E+1
1,675000E+3	1,000044E+2
1,676562E+3	9,999324E+1
1,678125E+3	9,998209E+1
1,679687E+3	9,998326E+1
1,681250E+3	9,998444E+1
1,682812E+3	9,999132E+1
1,684375E+3	9,999819E+1
1,685937E+3	9,999679E+1
1,687500E+3	9,999540E+1
1,689062E+3	9,999778E+1
1,690625E+3	1,000002E+2
1,692187E+3	9,999257E+1
1,693750E+3	9,998498E+1
1,695312E+3	9,999282E+1
1,696875E+3	1,000006E+2
1,698437E+3	9,999899E+1
1,700000E+3	9,999733E+1
1,701562E+3	9,999072E+1
1,703125E+3	9,998411E+1
1,704687E+3	9,998933E+1
1,706250E+3	9,999455E+1
1,707812E+3	9,999386E+1
1,709375E+3	9,999317E+1
1,710937E+3	9,999330E+1
1,712500E+3	9,999344E+1
1,714062E+3	9,999552E+1
1,715625E+3	9,999759E+1
1,717187E+3	9,999686E+1
1,718750E+3	9,999613E+1
1,720312E+3	9,999726E+1
1,721875E+3	9,999838E+1
1,723437E+3	9,999455E+1
1,725000E+3	9,999072E+1
1,726562E+3	9,999206E+1
1,728125E+3	9,999340E+1
1,729687E+3	9,999756E+1
1,731250E+3	1,000017E+2
1,732812E+3	1,000008E+2
1,734375E+3	9,999982E+1
1,735937E+3	1,000023E+2
1,737500E+3	1,000049E+2
1,739062E+3	9,999890E+1
1,740625E+3	9,999293E+1
1,742187E+3	9,998397E+1
1,743750E+3	9,997501E+1
1,745312E+3	9,996736E+1
1,746875E+3	9,995970E+1
1,748437E+3	9,994145E+1
1,750000E+3	9,992316E+1
1,751562E+3	9,991612E+1
1,753125E+3	9,990907E+1
1,754687E+3	9,990183E+1
1,756250E+3	9,989459E+1
1,757812E+3	9,988683E+1
1,759375E+3	9,987907E+1
1,760937E+3	9,985900E+1
1,762500E+3	9,983888E+1
1,764062E+3	9,980110E+1
1,765625E+3	9,976316E+1
1,767187E+3	9,973563E+1
1,768750E+3	9,970801E+1
1,770312E+3	9,969128E+1
1,771875E+3	9,967452E+1
1,773437E+3	9,967431E+1
1,775000E+3	9,967410E+1
1,776562E+3	9,968990E+1
1,778125E+3	9,970568E+1
1,779687E+3	9,973229E+1
1,781250E+3	9,975883E+1
1,782812E+3	9,980058E+1
1,784375E+3	9,984212E+1
1,785937E+3	9,986478E+1
1,787500E+3	9,988738E+1
1,789062E+3	9,989698E+1
1,790625E+3	9,990657E+1
1,792187E+3	9,991823E+1
1,793750E+3	9,992987E+1
1,795312E+3	9,994153E+1
1,796875E+3	9,995318E+1
1,798437E+3	9,997282E+1
1,800000E+3	9,999241E+1
1,801562E+3	9,999713E+1
1,803125E+3	1,000019E+2
1,804687E+3	1,000003E+2
1,806250E+3	9,999877E+1
1,807812E+3	1,000009E+2
1,809375E+3	1,000030E+2
1,810937E+3	9,999882E+1
1,812500E+3	9,999465E+1
1,814062E+3	9,999325E+1
1,815625E+3	9,999185E+1
1,817187E+3	9,999232E+1
1,818750E+3	9,999280E+1
1,820312E+3	9,999836E+1
1,821875E+3	1,000039E+2
1,823437E+3	9,999492E+1
1,825000E+3	9,998593E+1
1,826562E+3	9,996668E+1
1,828125E+3	9,994740E+1
1,829687E+3	1,000095E+2
1,831250E+3	1,000711E+2
1,832812E+3	1,000679E+2
1,834375E+3	1,000648E+2
1,835937E+3	9,997956E+1
1,837500E+3	9,989345E+1
1,839062E+3	9,989307E+1
1,840625E+3	9,989269E+1
1,842187E+3	1,000000E+2
1,843750E+3	1,001061E+2
1,845312E+3	1,000389E+2
1,846875E+3	9,997119E+1
1,848437E+3	9,989696E+1
1,850000E+3	9,982209E+1
1,851562E+3	9,999871E+1
1,853125E+3	1,001718E+2
1,854687E+3	1,000337E+2
1,856250E+3	9,989345E+1
1,857812E+3	9,974338E+1
1,859375E+3	9,959068E+1
1,860937E+3	9,996263E+1
1,862500E+3	1,003193E+2
1,864062E+3	1,003241E+2
1,865625E+3	1,003288E+2
1,867187E+3	1,003164E+2
1,868750E+3	1,003040E+2
1,870312E+3	1,003600E+2
1,871875E+3	1,004156E+2
1,873437E+3	1,002493E+2
1,875000E+3	1,000797E+2
1,876562E+3	9,984298E+1
1,878125E+3	9,959962E+1
1,879687E+3	9,967777E+1
1,881250E+3	9,975523E+1
1,882812E+3	9,973425E+1
1,884375E+3	9,971322E+1
1,885937E+3	9,985567E+1
1,887500E+3	9,999583E+1
1,889062E+3	9,999877E+1
1,890625E+3	1,000017E+2
1,892187E+3	1,000036E+2
1,893750E+3	1,000054E+2
1,895312E+3	1,000053E+2
1,896875E+3	1,000052E+2
1,898437E+3	1,000044E+2
1,900000E+3	1,000036E+2
1,901562E+3	1,000023E+2
1,903125E+3	1,000011E+2
1,904687E+3	1,000008E+2
1,906250E+3	1,000006E+2
1,907812E+3	9,999998E+1
1,909375E+3	9,999940E+1
1,910937E+3	9,999926E+1
1,912500E+3	9,999912E+1
1,914062E+3	9,999840E+1
1,915625E+3	9,999768E+1
1,917187E+3	9,999936E+1
1,918750E+3	1,000010E+2
1,920312E+3	1,000014E+2
