# Spectrum output for all variables and points
# Number of frames = 1
# Number of variables = 1
# Number of bands = 678
# Number of points = 1
# Description of first 4 columns: 
# 1, Freq_start
# 2, Freq_end
# 3, Freq_mid(mean)
# 4, Freq_mid(geom mean)
# Description of additional columns: 
# Column, Frame_#, Point_#, (X (m),Y (m),Z (m)), Variable_#, Variable name
# 5, 0, 0, (-0.389824,7.875e-05,-0.0499087), 0, PowerSpectrumPSD Pressure
3.6937994785431 11.081398435629 7.3875989570861 6.397848369808 120.58823394775
11.081398435629 18.468997392715 14.775197914172 14.306023864627 117.42096710205
18.468997392715 25.856596349801 22.162796871258 21.852812417833 121.16698455811
25.856596349801 33.244195306888 29.550395828345 29.318624439495 126.72189331055
33.244195306888 40.631794263974 36.937994785431 36.752840763413 124.89151000977
40.631794263974 48.01939322106 44.325593742517 44.17141729715 101.26834869385
48.01939322106 55.406992178146 51.713192699603 51.581102591924 113.2713470459
55.406992178146 62.794591135232 59.100791656689 58.985247476464 123.55810546875
62.794591135232 70.182190092318 66.488390613775 66.385705779349 125.54842376709
70.182190092318 77.569789049404 73.875989570861 73.783586796023 120.68773651123
77.569789049404 84.957388006491 81.263588527947 81.179595132348 116.04864501953
84.957388006491 92.344986963577 88.651187485034 88.574199899965 120.26235961914
92.344986963577 99.732585920663 96.03878644212 95.96772554712 118.49313354492
99.732585920663 107.12018487775 103.42638539921 103.36040364742 116.74368286133
107.12018487775 114.50778383484 110.81398435629 110.75240392122 125.19947052002
114.50778383484 121.89538279192 118.20158331338 118.14385359891 127.58343505859
121.89538279192 129.28298174901 125.58918227046 125.53484993728 123.1876373291
129.28298174901 136.67058070609 132.97678122755 132.92546855683 116.45182800293
136.67058070609 144.05817966318 140.36438018464 140.31576914242 124.27548217773
144.05817966318 151.44577862027 147.75197914172 147.70579943153 122.54981231689
151.44577862027 158.83337757735 155.13957809881 155.09559806161 128.26054382324
158.83337757735 166.22097653444 162.52717705589 162.4851966401 130.97663879395
166.22097653444 173.60857549152 169.91477601298 169.87462127391 129.17723083496
173.60857549152 180.99617444861 177.30237497007 177.26389371623 125.41394805908
180.99617444861 188.3837734057 184.68997392715 184.65303223783 118.71398162842
188.3837734057 195.77137236278 192.07757288424 192.04205229718 120.83880615234
195.77137236278 203.15897131987 199.46517184133 199.43096706154 121.50690460205
203.15897131987 210.54657027695 206.85277079841 206.81978781633 114.43104553223
210.54657027695 217.93416923404 214.2403697555 214.20852428973 113.99305725098
217.93416923404 225.32176819113 221.62796871258 221.59718491235 122.90843963623
225.32176819113 232.70936714821 229.01556766967 228.9857770266 138.2204284668
232.70936714821 240.0969661053 236.40316662676 236.37430705677 139.21157836914
240.0969661053 247.48456506239 243.79076558384 243.76278064825 127.52980041504
247.48456506239 254.87216401947 251.17836454093 251.15120278205 108.11756134033
254.87216401947 262.25976297656 258.56596349801 258.53957786975 111.07369232178
262.25976297656 269.64736193364 265.9535624551 265.92790983267 116.5475769043
269.64736193364 277.03496089073 273.34116141219 273.31620216807 114.53465270996
277.03496089073 284.42255984782 280.72876036927 280.704458005 109.41902160645
284.42255984782 291.8101588049 288.11635932636 288.09268015152 100.63110351562
291.8101588049 299.19775776199 295.50395828345 295.48087113483 119.70655059814
299.19775776199 306.58535671907 302.89155724053 302.8690332355 125.93643951416
306.58535671907 313.97295567616 310.27915619762 310.25716851689 127.16883087158
313.97295567616 321.36055463325 317.6667551547 317.64527885037 123.88720703125
321.36055463325 328.74815359033 325.05435411179 325.03336593717 120.26327514648
328.74815359033 336.13575254742 332.44195306888 332.42143132726 113.74007415771
336.13575254742 343.52335150451 339.82955202596 339.80947643581 120.92079925537
343.52335150451 350.91095046159 347.21715098305 347.19750255755 123.60386657715
350.91095046159 358.29854941868 354.60474994013 354.58551087928 121.85165405273
358.29854941868 365.68614837576 361.99234889722 361.97350249091 112.89306640625
365.68614837576 373.07374733285 369.37994785431 369.36147839517 121.62174224854
373.07374733285 380.46134628994 376.76754681139 376.74943951609 126.04169464111
380.46134628994 387.84894524702 384.15514576848 384.13738670665 125.22043609619
387.84894524702 395.23654420411 391.54274472557 391.52532075543 129.6049041748
395.23654420411 402.62414316119 398.93034368265 398.91324239259 124.87630462646
402.62414316119 410.01174211828 406.31794263974 406.30115229519 116.51280212402
410.01174211828 417.39934107537 413.70554159682 413.68905109192 116.24110412598
417.39934107537 424.78694003245 421.09314055391 421.07693936734 106.5749206543
424.78694003245 432.17453898954 428.480739511 428.4648176657 111.90263366699
432.17453898954 439.56213794663 435.86833846808 435.85268649435 112.24012756348
439.56213794663 446.94973690371 443.25593742517 443.2405463268 111.23419952393
446.94973690371 454.3373358608 450.64353638225 450.62839760552 109.3408203125
454.3373358608 461.72493481788 458.03113533934 458.01624074443 126.84366607666
461.72493481788 469.11253377497 465.41873429643 465.40407613116 134.34826660156
469.11253377497 476.50013273206 472.80633325351 472.79190412913 130.64643859863
476.50013273206 483.88773168914 480.1939322106 480.17972507936 113.31852722168
483.88773168914 491.27533064623 487.58153116768 487.56753930223 110.97862243652
491.27533064623 498.66292960331 494.96913012477 494.95534709899 110.73903656006
498.66292960331 506.0505285604 502.35672908186 502.34314875316 115.11654663086
506.0505285604 513.43812751749 509.74432803894 509.73094453181 112.72833251953
513.43812751749 520.82572647457 517.13192699603 517.11873468676 110.35440063477
520.82572647457 528.21332543166 524.51952595312 524.50651945566 111.44227600098
528.21332543166 535.60092438874 531.9071249102 531.89429906293 118.04490661621
535.60092438874 542.98852334583 539.29472386729 539.28207372071 103.80274200439
542.98852334583 550.37612230292 546.68232282437 546.66984362965 116.42492675781
550.37612230292 557.76372126 554.06992178146 554.05760897972 118.49851989746
557.76372126 565.15132021709 561.45752073855 561.44536995089 120.33773040771
565.15132021709 572.53891917418 568.84511969563 568.83312671376 111.9142074585
572.53891917418 579.92651813126 576.23271865272 576.2208794302 112.93357086182
579.92651813126 587.31411708835 583.6203176098 583.60862825389 118.89747619629
587.31411708835 594.70171604543 591.00791656689 590.99637333079 119.90739440918
594.70171604543 602.08931500252 598.39551552398 598.3841147997 120.62393188477
602.08931500252 609.47691395961 605.78311448106 605.77185279261 117.27211761475
609.47691395961 616.86451291669 613.17071343815 613.15958743516 119.25141906738
616.86451291669 624.25211187378 620.55831239524 620.54731884703 120.73335266113
624.25211187378 631.63971083086 627.94591135232 627.93504714223 122.32934570312
631.63971083086 639.02730978795 635.33351030941 635.32277242948 109.88613128662
639.02730978795 646.41490874504 642.72110926649 642.71049481253 112.79154968262
646.41490874504 653.80250770212 650.10870822358 650.09821439037 112.0698928833
653.80250770212 661.19010665921 657.49630718067 657.48593125756 113.14289093018
661.19010665921 668.5777056163 664.88390613775 664.87364550447 109.45621490479
668.5777056163 675.96530457338 672.27150509484 672.26135721748 111.87435150146
675.96530457338 683.35290353047 679.65910405192 679.64906647922 113.05936431885
683.35290353047 690.74050248755 687.04670300901 687.03677336877 114.78196716309
690.74050248755 698.12810144464 694.4343019661 694.42447796182 128.22380065918
698.12810144464 705.51570040173 701.82190092318 701.81218033092 131.70343017578
705.51570040173 712.90329935881 709.20949988027 709.19988054556 121.1810836792
712.90329935881 720.2908983159 716.59709883736 716.58757867237 112.24716949463
720.2908983159 727.67849727298 723.98469779444 723.97527477527 106.79267120361
727.67849727298 735.06609623007 731.37229675153 731.36296891558 110.24173736572
735.06609623007 742.45369518716 738.75989570861 738.7506611522 111.9984664917
742.45369518716 749.84129414424 746.1474946657 746.13835154166 110.81200408936
749.84129414424 757.22889310133 753.53509362279 753.5260401383 105.95639038086
757.22889310133 764.61649205842 760.92269257987 760.91372699434 96.187568664551
764.61649205842 772.0040910155 768.31029153696 768.30141215998 105.79208374023
772.0040910155 779.39168997259 775.69789049404 775.68909568352 115.29077911377
779.39168997259 786.77928892967 783.08548945113 783.07677761145 111.54571533203
786.77928892967 794.16688788676 790.47308840822 790.46445798849 114.24284362793
794.16688788676 801.55448684385 797.8606873653 797.85213685773 116.18734741211
801.55448684385 808.94208580093 805.24828632239 805.23981426067 111.15138244629
808.94208580093 816.32968475802 812.63588527947 812.6274902373 107.21616363525
816.32968475802 823.7172837151 820.02348423656 820.01516482616 112.62124633789
823.7172837151 831.10488267219 827.41108319365 827.40283806444 112.13063812256
831.10488267219 838.49248162928 834.79868215073 834.79050998799 117.81907653809
838.49248162928 845.88008058636 842.18628110782 842.17818063141 116.28391265869
845.88008058636 853.26767954345 849.57388006491 849.56585002809 112.60149383545
853.26767954345 860.65527850053 856.96147902199 856.95351821028 113.70809173584
860.65527850053 868.04287745762 864.34907797908 864.34118520911 107.34798431396
868.04287745762 875.43047641471 871.73667693616 871.72885105468 85.77205657959
875.43047641471 882.81807537179 879.12427589325 879.11651577606 99.327728271484
882.81807537179 890.20567432888 886.51187485034 886.50417940136 100.14678955078
890.20567432888 897.59327328597 893.89947380742 893.89184195774 98.717308044434
897.59327328597 904.98087224305 901.28707276451 901.2795034715 105.61067962646
904.98087224305 912.36847120014 908.67467172159 908.66716396806 107.73290252686
912.36847120014 919.75607015722 916.06227067868 916.05482347204 102.16744232178
919.75607015722 927.14366911431 923.44986963577 923.44248200726 117.7896194458
927.14366911431 934.5312680714 930.83746859285 930.83013959678 129.63073730469
934.5312680714 941.91886702848 938.22506754994 938.21779626295 127.61260223389
941.91886702848 949.30646598557 945.61266650703 945.6054520274 108.79555511475
949.30646598557 956.69406494265 953.00026546411 952.9931069111 101.35992431641
956.69406494265 964.08166389974 960.3878644212 960.38076093439 103.60508728027
964.08166389974 971.46926285683 967.77546337828 967.76841411696 102.67453765869
971.46926285683 978.85686181391 975.16306233537 975.15606647793 98.811798095703
978.85686181391 986.244460771 982.55066129246 982.54371803582 87.848709106445
986.244460771 993.63205972809 989.93826024954 989.93136880862 98.182579040527
993.63205972809 1001.0196586852 997.32585920663 997.31901881377 99.360984802246
1001.0196586852 1008.4072576423 1004.7134581637 1004.7066680682 112.88568115234
1008.4072576423 1015.7948565993 1012.1010571208 1012.0943165884 109.73853302002
1015.7948565993 1023.1824555564 1019.4886560779 1019.4819643902 109.01156616211
1023.1824555564 1030.5700545135 1026.876255035 1026.8696114892 109.81490325928
1030.5700545135 1037.9576534706 1034.2638539921 1034.2572579005 106.14066314697
1037.9576534706 1045.3452524277 1041.6514529491 1041.6449036387 100.44000244141
1045.3452524277 1052.7328513848 1049.0390519062 1049.032548718 103.84920501709
1052.7328513848 1060.1204503419 1056.4266508633 1056.4201931522 107.80158996582
1060.1204503419 1067.5080492989 1063.8142498204 1063.8078369548 107.3392791748
1067.5080492989 1074.895648256 1071.2018487775 1071.1954801388 110.59716033936
1074.895648256 1082.2832472131 1078.5894477346 1078.5831227169 101.87582397461
1082.2832472131 1089.6708461702 1085.9770466917 1085.9707647016 103.31288146973
1089.6708461702 1097.0584451273 1093.3646456487 1093.3584061048 108.81127929688
1097.0584451273 1104.4460440844 1100.7522446058 1100.7460469383 96.498741149902
1104.4460440844 1111.8336430415 1108.1398435629 1108.1336872134 99.496871948242
1111.8336430415 1119.2212419985 1115.52744252 1115.5213269412 100.44004058838
1119.2212419985 1126.6088409556 1122.9150414771 1122.9089661326 101.66898345947
1126.6088409556 1133.9964399127 1130.3026404342 1130.296604798 97.255332946777
1133.9964399127 1141.3840388698 1137.6902393913 1137.6842429477 101.30889129639
1141.3840388698 1148.7716378269 1145.0778383484 1145.0718805918 101.76972961426
1148.7716378269 1156.159236784 1152.4654373054 1152.4595177398 104.70343780518
1156.159236784 1163.5468357411 1159.8530362625 1159.8471544013 124.41989135742
1163.5468357411 1170.9344346982 1167.2406352196 1167.2347905855 128.90487670898
1170.9344346982 1178.3220336552 1174.6282341767 1174.6224263015 120.97829437256
1178.3220336552 1185.7096326123 1182.0158331338 1182.010061558 104.75482177734
1185.7096326123 1193.0972315694 1189.4034320909 1189.3976963636 95.019470214844
1193.0972315694 1200.4848305265 1196.791031048 1196.7853307265 97.103675842285
1200.4848305265 1207.8724294836 1204.178630005 1204.1729646551 98.100616455078
1207.8724294836 1215.2600284407 1211.5662289621 1211.5605981572 96.37467956543
1215.2600284407 1222.6476273978 1218.9538279192 1218.9482312405 91.626617431641
1222.6476273978 1230.0352263548 1226.3414268763 1226.3358639127 91.256759643555
1230.0352263548 1237.4228253119 1233.7290258334 1233.7234961811 105.45240020752
1237.4228253119 1244.810424269 1241.1166247905 1241.1111280529 109.72811126709
1244.810424269 1252.1980232261 1248.5042237476 1248.4987595352 104.57736206055
1252.1980232261 1259.5856221832 1255.8918227046 1255.8863906348 101.19023895264
1259.5856221832 1266.9732211403 1263.2794216617 1263.2740213586 103.85003662109
1266.9732211403 1274.3608200974 1270.6670206188 1270.6616517129 106.32521057129
1274.3608200974 1281.7484190544 1278.0546195759 1278.0492817042 101.13746643066
1281.7484190544 1289.1360180115 1285.442218533 1285.4369113389 100.55139923096
1289.1360180115 1296.5236169686 1292.8298174901 1292.8245406229 104.23641967773
1296.5236169686 1303.9112159257 1300.2174164472 1300.2121695623 96.6416015625
1303.9112159257 1311.2988148828 1307.6050154042 1307.5997981629 97.864547729492
1311.2988148828 1318.6864138399 1314.9926143613 1314.9874264305 100.93045043945
1318.6864138399 1326.074012797 1322.3802133184 1322.3750543705 104.63720703125
1326.074012797 1333.461611754 1329.7678122755 1329.7626819886 102.61708068848
1333.461611754 1340.8492107111 1337.1554112326 1337.1503092899 94.747337341309
1340.8492107111 1348.2368096682 1344.5430101897 1344.5379362797 94.253257751465
1348.2368096682 1355.6244086253 1351.9306091468 1351.9255629632 97.914413452148
1355.6244086253 1363.0120075824 1359.3182081038 1359.3131893453 91.60929107666
1363.0120075824 1370.3996065395 1366.7058070609 1366.7008154309 92.444541931152
1370.3996065395 1377.7872054966 1374.093406018 1374.0884412248 100.42922973633
1377.7872054966 1385.1748044537 1381.4810049751 1381.4760667317 99.175498962402
1385.1748044537 1392.5624034107 1388.8686039322 1388.8636919561 114.11884307861
1392.5624034107 1399.9500023678 1396.2562028893 1396.2513169026 126.31643676758
1399.9500023678 1407.3376013249 1403.6438018464 1403.6389415755 126.27468109131
1407.3376013249 1414.725200282 1411.0314008035 1411.0265659791 112.55337524414
1414.725200282 1422.1127992391 1418.4189997605 1418.4141901176 85.15763092041
1422.1127992391 1429.5003981962 1425.8065987176 1425.8018139952 95.409141540527
1429.5003981962 1436.8879971533 1433.1941976747 1433.1894376159 92.857498168945
1436.8879971533 1444.2755961103 1440.5817966318 1440.5770609837 97.527061462402
1444.2755961103 1451.6631950674 1447.9693955889 1447.9646841023 83.700889587402
1451.6631950674 1459.0507940245 1455.356994546 1455.3523069756 99.281394958496
1459.0507940245 1466.4383929816 1462.7445935031 1462.7399296074 102.06060028076
1466.4383929816 1473.8259919387 1470.1321924601 1470.1275520012 102.30078125
1473.8259919387 1481.2135908958 1477.5197914172 1477.5151741607 94.725776672363
1481.2135908958 1488.6011898529 1484.9073903743 1484.9027960892 100.02527618408
1488.6011898529 1495.9887888099 1492.2949893314 1492.2904177904 97.577575683594
1495.9887888099 1503.376387767 1499.6825882885 1499.6780392675 97.752197265625
1503.376387767 1510.7639867241 1507.0701872456 1507.0656605237 101.04134368896
1510.7639867241 1518.1515856812 1514.4577862027 1514.4532815624 102.91463470459
1518.1515856812 1525.5391846383 1521.8453851597 1521.8409023868 100.82833862305
1525.5391846383 1532.9267835954 1529.2329841168 1529.2285229998 92.69416809082
1532.9267835954 1540.3143825525 1536.6205830739 1536.6161434047 100.52651977539
1540.3143825525 1547.7019815095 1544.008182031 1544.0037636043 100.9799041748
1547.7019815095 1555.0895804666 1551.3957809881 1551.3913836015 100.23208618164
1555.0895804666 1562.4771794237 1558.7833799452 1558.7790033994 106.34484100342
1562.4771794237 1569.8647783808 1566.1709789023 1566.1666230006 94.114265441895
1569.8647783808 1577.2523773379 1573.5585778593 1573.554242408 100.21713256836
1577.2523773379 1584.639976295 1580.9461768164 1580.9418616242 98.930389404297
1584.639976295 1592.0275752521 1588.3337757735 1588.329480652 80.011535644531
1592.0275752521 1599.4151742091 1595.7213747306 1595.717099494 99.630615234375
1599.4151742091 1606.8027731662 1603.1089736877 1603.1047181527 97.280181884766
1606.8027731662 1614.1903721233 1610.4965726448 1610.4923366306 86.339004516602
1614.1903721233 1621.5779710804 1617.8841716019 1617.8799549303 95.647857666016
1621.5779710804 1628.9655700375 1625.2717705589 1625.2675730541 120.29138946533
1628.9655700375 1636.3531689946 1632.659369516 1632.6551910045 126.87084960938
1636.3531689946 1643.7407679517 1640.0469684731 1640.0428087837 121.7027053833
1643.7407679517 1651.1283669088 1647.4345674302 1647.4304263942 92.85139465332
1651.1283669088 1658.5159658658 1654.8221663873 1654.8180438381 98.606979370117
1658.5159658658 1665.9035648229 1662.2097653444 1662.2056611177 98.239479064941
1665.9035648229 1673.29116378 1669.5973643015 1669.5932782351 91.826858520508
1673.29116378 1680.6787627371 1676.9849632586 1676.9808951925 81.059371948242
1680.6787627371 1688.0663616942 1684.3725622156 1684.368511992 89.150245666504
1688.0663616942 1695.4539606513 1691.7601611727 1691.7561286357 84.024757385254
1695.4539606513 1702.8415596084 1699.1477601298 1699.1437451256 87.202278137207
1702.8415596084 1710.2291585654 1706.5353590869 1706.5313614637 100.47290039062
1710.2291585654 1717.6167575225 1713.922958044 1713.918977652 97.490615844727
1717.6167575225 1725.0043564796 1721.3105570011 1721.3065936923 96.90958404541
1725.0043564796 1732.3919554367 1728.6981559582 1728.6942095867 100.24502563477
1732.3919554367 1739.7795543938 1736.0857549152 1736.0818253369 92.249938964844
1739.7795543938 1747.1671533509 1743.4733538723 1743.4694409448 98.891502380371
1747.1671533509 1754.554752308 1750.8609528294 1750.8570564121 99.530540466309
1754.554752308 1761.942351265 1758.2485517865 1758.2446717407 94.672645568848
1761.942351265 1769.3299502221 1765.6361507436 1765.6322869324 96.368530273438
1769.3299502221 1776.7175491792 1773.0237497007 1773.0199019887 101.76189422607
1776.7175491792 1784.1051481363 1780.4113486578 1780.4075169114 99.169593811035
1784.1051481363 1791.4927470934 1787.7989476148 1787.7951317022 102.46297454834
1791.4927470934 1798.8803460505 1795.1865465719 1795.1827463627 104.8913192749
1798.8803460505 1806.2679450076 1802.574145529 1802.5703608944 99.890357971191
1806.2679450076 1813.6555439646 1809.9617444861 1809.957975299 94.482177734375
1813.6555439646 1821.0431429217 1817.3493434432 1817.3455895781 90.888252258301
1821.0431429217 1828.4307418788 1824.7369424003 1824.733203733 95.652191162109
1828.4307418788 1835.8183408359 1832.1245413574 1832.1208177654 92.819801330566
1835.8183408359 1843.205939793 1839.5121403144 1839.5084316767 87.672630310059
1843.205939793 1850.5935387501 1846.8997392715 1846.8960454684 92.248443603516
1850.5935387501 1857.9811377072 1854.2873382286 1854.2836591418 106.50316619873
1857.9811377072 1865.3687366642 1861.6749371857 1861.6712726985 123.20447540283
1865.3687366642 1872.7563356213 1869.0625361428 1869.0588861397 125.18923950195
1872.7563356213 1880.1439345784 1876.4501350999 1876.4464994669 114.3706817627
1880.1439345784 1887.5315335355 1883.837734057 1883.8341126814 94.050659179688
1887.5315335355 1894.9191324926 1891.2253330141 1891.2217257846 83.299186706543
1894.9191324926 1902.3067314497 1898.6129319711 1898.6093387776 98.211776733398
1902.3067314497 1909.6943304068 1906.0005309282 1905.9969516618 95.47038269043
1909.6943304068 1917.0819293639 1913.3881298853 1913.3845644385 87.079170227051
1917.0819293639 1924.4695283209 1920.7757288424 1920.7721771088 93.955856323242
1924.4695283209 1931.857127278 1928.1633277995 1928.1597896741 86.538665771484
1931.857127278 1939.2447262351 1935.5509267566 1935.5474021355 101.48426818848
1939.2447262351 1946.6323251922 1942.9385257137 1942.9350144942 102.44469451904
1946.6323251922 1954.0199241493 1950.3261246707 1950.3226267514 96.972846984863
1954.0199241493 1961.4075231064 1957.7137236278 1957.7102389082 97.751831054688
1961.4075231064 1968.7951220635 1965.1013225849 1965.0978509658 99.847984313965
1968.7951220635 1976.1827210205 1972.488921542 1972.4854629252 95.275276184082
1976.1827210205 1983.5703199776 1979.8765204991 1979.8730747876 99.78303527832
1983.5703199776 1990.9579189347 1987.2641194562 1987.2606865541 98.118949890137
1990.9579189347 1998.3455178918 1994.6517184133 1994.6482982256 91.118690490723
1998.3455178918 2005.7331168489 2002.0393173703 2002.0359098033 99.483345031738
2005.7331168489 2013.120715806 2009.4269163274 2009.4235212883 99.059814453125
2013.120715806 2020.5083147631 2016.8145152845 2016.8111326814 93.533828735352
2020.5083147631 2027.8959137201 2024.2021142416 2024.1987439838 104.33681488037
2027.8959137201 2035.2835126772 2031.5897131987 2031.5863551964 103.0085067749
2035.2835126772 2042.6711116343 2038.9773121558 2038.9739663202 97.068412780762
2042.6711116343 2050.0587105914 2046.3649111129 2046.3615773561 90.117279052734
2050.0587105914 2057.4463095485 2053.7525100699 2053.7491883051 90.509231567383
2057.4463095485 2064.8339085056 2061.140109027 2061.1367991682 98.349197387695
2064.8339085056 2072.2215074627 2068.5277079841 2068.5244099462 94.594863891602
2072.2215074627 2079.6091064197 2075.9153069412 2075.9120206401 76.971626281738
2079.6091064197 2086.9967053768 2083.3029058983 2083.2996312508 92.772239685059
2086.9967053768 2094.3843043339 2090.6905048554 2090.6872417791 115.23805236816
2094.3843043339 2101.771903291 2098.0781038125 2098.0748522259 124.40003967285
2101.771903291 2109.1595022481 2105.4657027695 2105.4624625921 121.64579772949
2109.1595022481 2116.5471012052 2112.8533017266 2112.8500728785 101.40365600586
2116.5471012052 2123.9347001623 2120.2409006837 2120.2376830859 85.393058776855
2123.9347001623 2131.3222991194 2127.6284996408 2127.6252932152 91.413719177246
2131.3222991194 2138.7098980764 2135.0160985979 2135.0129032672 70.728965759277
2138.7098980764 2146.0974970335 2142.403697555 2142.4005132427 88.03182220459
2146.0974970335 2153.4850959906 2149.7912965121 2149.7881231425 86.696929931641
2153.4850959906 2160.8726949477 2157.1788954692 2157.1757329673 77.22582244873
2160.8726949477 2168.2602939048 2164.5664944262 2164.5633427179 94.405578613281
2168.2602939048 2175.6478928619 2171.9540933833 2171.9509523951 103.45419311523
2175.6478928619 2183.035491819 2179.3416923404 2179.3385619996 100.41135406494
2183.035491819 2190.423090776 2186.7292912975 2186.7261715322 95.185424804688
2190.423090776 2197.8106897331 2194.1168902546 2194.1137809936 98.322830200195
2197.8106897331 2205.1982886902 2201.5044892117 2201.5013903844 98.46312713623
2205.1982886902 2212.5858876473 2208.8920881688 2208.8889997055 95.384918212891
2212.5858876473 2219.9734866044 2216.2796871258 2216.2766089575 96.569786071777
2219.9734866044 2227.3610855615 2223.6672860829 2223.664218141 91.247253417969
2227.3610855615 2234.7486845186 2231.05488504 2231.0518272569 90.821182250977
2234.7486845186 2242.1362834756 2238.4424839971 2238.4394363057 99.995567321777
2242.1362834756 2249.5238824327 2245.8300829542 2245.8270452881 101.57041931152
2249.5238824327 2256.9114813898 2253.2176819113 2253.2146542047 102.71850585938
2256.9114813898 2264.2990803469 2260.6052808684 2260.6022630563 105.20166778564
2264.2990803469 2271.686679304 2267.9928798254 2267.9898718434 97.010887145996
2271.686679304 2279.0742782611 2275.3804787825 2275.3774805667 94.03840637207
2279.0742782611 2286.4618772182 2282.7680777396 2282.7650892268 89.400215148926
2286.4618772182 2293.8494761752 2290.1556766967 2290.1526978242 95.942283630371
2293.8494761752 2301.2370751323 2297.5432756538 2297.5403063597 97.945068359375
2301.2370751323 2308.6246740894 2304.9308746109 2304.9279148338 94.674606323242
2308.6246740894 2316.0122730465 2312.318473568 2312.315523247 95.245254516602
2316.0122730465 2323.3998720036 2319.706072525 2319.7031316 99.542945861816
2323.3998720036 2330.7874709607 2327.0936714821 2327.0907398934 118.87270355225
2330.7874709607 2338.1750699178 2334.4812704392 2334.4783481277 122.9171295166
2338.1750699178 2345.5626688748 2341.8688693963 2341.8659563034 114.82377624512
2345.5626688748 2352.9502678319 2349.2564683534 2349.2535644212 88.242134094238
2352.9502678319 2360.337866789 2356.6440673105 2356.6411724815 83.345344543457
2360.337866789 2367.7254657461 2364.0316662676 2364.028780485 88.751121520996
2367.7254657461 2375.1130647032 2371.4192652246 2371.416388432 93.071044921875
2375.1130647032 2382.5006636603 2378.8068641817 2378.8039963233 85.57608795166
2382.5006636603 2389.8882626174 2386.1944631388 2386.1916041592 92.216430664062
2389.8882626174 2397.2758615745 2393.5820620959 2393.5792119403 97.541015625
2397.2758615745 2404.6634605315 2400.969661053 2400.9668196671 99.630096435547
2404.6634605315 2412.0510594886 2408.3572600101 2408.3544273401 103.76798248291
2412.0510594886 2419.4386584457 2415.7448589672 2415.7420349598 96.553657531738
2419.4386584457 2426.8262574028 2423.1324579243 2423.1296425267 99.008735656738
2426.8262574028 2434.2138563599 2430.5200568813 2430.5172500412 99.65901184082
2434.2138563599 2441.601455317 2437.9076558384 2437.9048575039 95.826995849609
2441.601455317 2448.9890542741 2445.2952547955 2445.2924649152 98.157676696777
2448.9890542741 2456.3766532311 2452.6828537526 2452.6800722755 99.261459350586
2456.3766532311 2463.7642521882 2460.0704527097 2460.0676795854 91.706207275391
2463.7642521882 2471.1518511453 2467.4580516668 2467.4552868453 96.894157409668
2471.1518511453 2478.5394501024 2474.8456506239 2474.8428940555 101.28603363037
2478.5394501024 2485.9270490595 2482.2332495809 2482.2305012167 100.17826080322
2485.9270490595 2493.3146480166 2489.620848538 2489.6181083292 104.63031768799
2493.3146480166 2500.7022469737 2497.0084474951 2497.0057153934 102.8939743042
2500.7022469737 2508.0898459307 2504.3960464522 2504.3933224098 97.310302734375
2508.0898459307 2515.4774448878 2511.7836454093 2511.7809293788 97.363464355469
2515.4774448878 2522.8650438449 2519.1712443664 2519.1685363008 93.056846618652
2522.8650438449 2530.252642802 2526.5588433235 2526.5561431762 96.490226745605
2530.252642802 2537.6402417591 2533.9464422805 2533.9437500054 94.849578857422
2537.6402417591 2545.0278407162 2541.3340412376 2541.3313567889 95.624618530273
2545.0278407162 2552.4154396733 2548.7216401947 2548.718963527 94.675788879395
2552.4154396733 2559.8030386303 2556.1092391518 2556.1065702202 109.3568649292
2559.8030386303 2567.1906375874 2563.4968381089 2563.4941768687 120.62655639648
2567.1906375874 2574.5782365445 2570.884437066 2570.881783473 119.72136688232
2574.5782365445 2581.9658355016 2578.2720360231 2578.2693900335 103.97201538086
2581.9658355016 2589.3534344587 2585.6596349801 2585.6569965506 90.140274047852
2589.3534344587 2596.7410334158 2593.0472339372 2593.0446030246 85.107841491699
2596.7410334158 2604.1286323729 2600.4348328943 2600.4322094559 90.308876037598
2604.1286323729 2611.5162313299 2607.8224318514 2607.8198158448 90.482727050781
2611.5162313299 2618.903830287 2615.2100308085 2615.2074221917 78.125587463379
2618.903830287 2626.2914292441 2622.5976297656 2622.595028497 88.801826477051
2626.2914292441 2633.6790282012 2629.9852287227 2629.9826347611 88.568298339844
2633.6790282012 2641.0666271583 2637.3728276798 2637.3702409842 99.81950378418
2641.0666271583 2648.4542261154 2644.7604266368 2644.7578471667 100.21259307861
2648.4542261154 2655.8418250725 2652.1480255939 2652.1454533089 97.630447387695
2655.8418250725 2663.2294240296 2659.535624551 2659.5330594112 97.589706420898
2663.2294240296 2670.6170229866 2666.9232235081 2666.920665474 91.921180725098
2670.6170229866 2678.0046219437 2674.3108224652 2674.3082714975 92.360572814941
2678.0046219437 2685.3922209008 2681.6984214223 2681.695877482 96.99934387207
2685.3922209008 2692.7798198579 2689.0860203794 2689.083483428 94.740989685059
2692.7798198579 2700.167418815 2696.4736193364 2696.4710893356 86.160911560059
2700.167418815 2707.5550177721 2703.8612182935 2703.8586952053 95.915557861328
2707.5550177721 2714.9426167292 2711.2488172506 2711.2463010373 98.898017883301
2714.9426167292 2722.3302156862 2718.6364162077 2718.6339068319 100.31045532227
2722.3302156862 2729.7178146433 2726.0240151648 2726.0215125895 103.49588012695
2729.7178146433 2737.1054136004 2733.4116141219 2733.4091183103 94.394432067871
2737.1054136004 2744.4930125575 2740.799213079 2740.7967239946 91.358016967773
2744.4930125575 2751.8806115146 2748.186812036 2748.1843296428 92.767784118652
2751.8806115146 2759.2682104717 2755.5744109931 2755.5719352551 95.511276245117
2759.2682104717 2766.6558094288 2762.9620099502 2762.9595408318 94.203948974609
2766.6558094288 2774.0434083858 2770.3496089073 2770.3471463732 81.375152587891
2774.0434083858 2781.4310073429 2777.7372078644 2777.7347518796 94.622520446777
2781.4310073429 2788.8186063 2785.1248068215 2785.1223573512 98.572456359863
2788.8186063 2796.2062052571 2792.5124057786 2792.5099627884 113.8602142334
2796.2062052571 2803.5938042142 2799.9000047356 2799.8975681914 119.85972595215
2803.5938042142 2810.9814031713 2807.2876036927 2807.2851735604 114.34032440186
2810.9814031713 2818.3690021284 2814.6752026498 2814.6727788958 90.333938598633
2818.3690021284 2825.7566010854 2822.0628016069 2822.0603841978 69.803657531738
2825.7566010854 2833.1442000425 2829.450400564 2829.4479894667 84.016578674316
2833.1442000425 2840.5317989996 2836.8379995211 2836.8355947027 89.066421508789
2840.5317989996 2847.9193979567 2844.2255984782 2844.2231999061 81.122901916504
2847.9193979567 2855.3069969138 2851.6131974352 2851.6108050771 84.923721313477
2855.3069969138 2862.6945958709 2859.0007963923 2858.998410216 93.294860839844
2862.6945958709 2870.082194828 2866.3883953494 2866.386015323 99.49072265625
2870.082194828 2877.469793785 2873.7759943065 2873.7736203984 103.0394744873
2877.469793785 2884.8573927421 2881.1635932636 2881.1612254424 95.79744720459
2884.8573927421 2892.2449916992 2888.5511922207 2888.5488304553 96.754577636719
2892.2449916992 2899.6325906563 2895.9387911778 2895.9364354373 94.538223266602
2899.6325906563 2907.0201896134 2903.3263901349 2903.3240403887 89.932334899902
2907.0201896134 2914.4077885705 2910.7139890919 2910.7116453096 93.031837463379
2914.4077885705 2921.7953875276 2918.101588049 2918.0992502003 96.028053283691
2921.7953875276 2929.1829864847 2925.4891870061 2925.4868550611 93.794822692871
2929.1829864847 2936.5705854417 2932.8767859632 2932.8744598921 97.274047851562
2936.5705854417 2943.9581843988 2940.2643849203 2940.2620646936 99.538848876953
2943.9581843988 2951.3457833559 2947.6519838774 2947.6496694658 99.713531494141
2951.3457833559 2958.733382313 2955.0395828345 2955.0372742089 101.8012008667
2958.733382313 2966.1209812701 2962.4271817915 2962.4248789231 101.70406341553
2966.1209812701 2973.5085802272 2969.8147807486 2969.8124836088 89.21159362793
2973.5085802272 2980.8961791843 2977.2023797057 2977.2000882659 92.917335510254
2980.8961791843 2988.2837781413 2984.5899786628 2984.5876928949 89.653549194336
2988.2837781413 2995.6713770984 2991.9775776199 2991.9752974959 91.967956542969
2995.6713770984 3003.0589760555 2999.365176577 2999.362902069 92.845016479492
3003.0589760555 3010.4465750126 3006.7527755341 3006.7505066146 91.085975646973
3010.4465750126 3017.8341739697 3014.1403744911 3014.1381111328 97.274711608887
3017.8341739697 3025.2217729268 3021.5279734482 3021.5257156237 103.90842437744
3025.2217729268 3032.6093718839 3028.9155724053 3028.9133200877 115.99922180176
3032.6093718839 3039.9969708409 3036.3031713624 3036.3009245249 116.87759399414
3039.9969708409 3047.384569798 3043.6907703195 3043.6885289355 103.83495330811
3047.384569798 3054.7721687551 3051.0783692766 3051.0761333197 93.013687133789
3054.7721687551 3062.1597677122 3058.4659682337 3058.4637376776 77.183547973633
3062.1597677122 3069.5473666693 3065.8535671907 3065.8513420095 86.76961517334
3069.5473666693 3076.9349656264 3073.2411661478 3073.2389463156 84.991333007812
3076.9349656264 3084.3225645835 3080.6287651049 3080.626550596 71.9453125
3084.3225645835 3091.7101635405 3088.016364062 3088.014154851 87.74097442627
3091.7101635405 3099.0977624976 3095.4039630191 3095.4017590807 92.495223999023
3099.0977624976 3106.4853614547 3102.7915619762 3102.7893632852 98.618148803711
3106.4853614547 3113.8729604118 3110.1791609333 3110.1769674649 99.387062072754
3113.8729604118 3121.2605593689 3117.5667598903 3117.5645716197 95.617233276367
3121.2605593689 3128.648158326 3124.9543588474 3124.9521757501 96.589370727539
3128.648158326 3136.0357572831 3132.3419578045 3132.339779856 93.212677001953
3136.0357572831 3143.4233562402 3139.7295567616 3139.7273839376 88.280876159668
3143.4233562402 3150.8109551972 3147.1171557187 3147.1149879952 93.627975463867
3150.8109551972 3158.1985541543 3154.5047546758 3154.502592029 94.211006164551
3158.1985541543 3165.5861531114 3161.8923536329 3161.890196039 92.216995239258
3165.5861531114 3172.9737520685 3169.27995259 3169.2778000254 95.203422546387
3172.9737520685 3180.3613510256 3176.667551547 3176.6654039885 96.57300567627
3180.3613510256 3187.7489499827 3184.0551505041 3184.0530079283 98.412300109863
3187.7489499827 3195.1365489398 3191.4427494612 3191.4406118451 102.93843841553
3195.1365489398 3202.5241478968 3198.8303484183 3198.8282157389 95.925727844238
3202.5241478968 3209.9117468539 3206.2179473754 3206.21581961 88.306510925293
3209.9117468539 3217.299345811 3213.6055463325 3213.6034234585 91.130714416504
3217.299345811 3224.6869447681 3220.9931452896 3220.9910272846 91.127647399902
3224.6869447681 3232.0745437252 3228.3807442466 3228.3786310884 92.081230163574
3232.0745437252 3239.4621426823 3235.7683432037 3235.76623487 87.436805725098
3239.4621426823 3246.8497416394 3243.1559421608 3243.1538386297 98.579238891602
3246.8497416394 3254.2373405964 3250.5435411179 3250.5414423675 101.05181884766
3254.2373405964 3261.6249395535 3257.931140075 3257.9290460837 108.84889984131
3261.6249395535 3269.0125385106 3265.3187390321 3265.3166497783 115.8321762085
3269.0125385106 3276.4001374677 3272.7063379892 3272.7042534515 111.93637084961
3276.4001374677 3283.7877364248 3280.0939369462 3280.0918571035 86.585151672363
3283.7877364248 3291.1753353819 3287.4815359033 3287.4794607344 81.823013305664
3291.1753353819 3298.562934339 3294.8691348604 3294.8670643444 81.266510009766
3298.562934339 3305.950533296 3302.2567338175 3302.2546679335 90.53963470459
3305.950533296 3313.3381322531 3309.6443327746 3309.6422715019 89.890892028809
3313.3381322531 3320.7257312102 3317.0319317317 3317.0298750498 80.365760803223
3320.7257312102 3328.1133301673 3324.4195306888 3324.4174785773 88.452613830566
3328.1133301673 3335.5009291244 3331.8071296458 3331.8050820845 95.131011962891
3335.5009291244 3342.8885280815 3339.1947286029 3339.1926855716 99.167816162109
3342.8885280815 3350.2761270386 3346.58232756 3346.5802890387 94.845245361328
3350.2761270386 3357.6637259956 3353.9699265171 3353.9678924859 94.502914428711
3357.6637259956 3365.0513249527 3361.3575254742 3361.3554959134 94.686851501465
3365.0513249527 3372.4389239098 3368.7451244313 3368.7430993213 90.656204223633
3372.4389239098 3379.8265228669 3376.1327233884 3376.1307027097 83.080947875977
3379.8265228669 3387.214121824 3383.5203223455 3383.5183060788 92.466423034668
3387.214121824 3394.6017207811 3390.9079213025 3390.9059094286 91.850570678711
3394.6017207811 3401.9893197382 3398.2955202596 3398.2935127593 93.424652099609
3401.9893197382 3409.3769186953 3405.6831192167 3405.6811160711 96.688064575195
3409.3769186953 3416.7645176523 3413.0707181738 3413.068719364 96.279251098633
3416.7645176523 3424.1521166094 3420.4583171309 3420.4563226381 97.956298828125
3424.1521166094 3431.5397155665 3427.845916088 3427.8439258937 99.141731262207
3431.5397155665 3438.9273145236 3435.2335150451 3435.2315291308 81.502960205078
3438.9273145236 3446.3149134807 3442.6211140021 3442.6191323495 88.955009460449
3446.3149134807 3453.7025124378 3450.0087129592 3450.0067355499 90.65193939209
3453.7025124378 3461.0901113949 3457.3963119163 3457.3943387323 88.109024047852
3461.0901113949 3468.4777103519 3464.7839108734 3464.7819418966 89.941055297852
3468.4777103519 3475.865309309 3472.1715098305 3472.169545043 89.236045837402
3475.865309309 3483.2529082661 3479.5591087876 3479.5571481716 98.343170166016
3483.2529082661 3490.6405072232 3486.9467077447 3486.9447512825 101.80487823486
3490.6405072232 3498.0281061803 3494.3343067017 3494.3323543759 111.33469390869
3498.0281061803 3505.4157051374 3501.7219056588 3501.7199574518 113.99169921875
3505.4157051374 3512.8033040945 3509.1095046159 3509.1075605104 104.55641937256
3512.8033040945 3520.1909030515 3516.497103573 3516.4951635517 89.221832275391
3520.1909030515 3527.5785020086 3523.8847025301 3523.8827665759 79.684440612793
3527.5785020086 3534.9661009657 3531.2723014872 3531.2703695832 82.914985656738
3534.9661009657 3542.3536999228 3538.6599004443 3538.6579725734 80.940444946289
3542.3536999228 3549.7412988799 3546.0474994013 3546.0455755469 84.024070739746
3549.7412988799 3557.128897837 3553.4350983584 3553.4331785037 88.227935791016
3557.128897837 3564.5164967941 3560.8226973155 3560.8207814439 92.146110534668
3564.5164967941 3571.9040957511 3568.2102962726 3568.2083843676 96.687042236328
3571.9040957511 3579.2916947082 3575.5978952297 3575.5959872749 97.641983032227
3579.2916947082 3586.6792936653 3582.9854941868 3582.9835901659 93.414199829102
3586.6792936653 3594.0668926224 3590.3730931439 3590.3711930407 94.119010925293
3594.0668926224 3601.4544915795 3597.7606921009 3597.7587958995 88.944732666016
3601.4544915795 3608.8420905366 3605.148291058 3605.1463987422 80.454406738281
3608.8420905366 3616.2296894937 3612.5358900151 3612.5340015691 88.436950683594
3616.2296894937 3623.6172884507 3619.9234889722 3619.9216043801 90.155334472656
3623.6172884507 3631.0048874078 3627.3110879293 3627.3092071755 87.871360778809
3631.0048874078 3638.3924863649 3634.6986868864 3634.6968099553 94.295700073242
3638.3924863649 3645.780085322 3642.0862858435 3642.0844127195 95.067848205566
3645.780085322 3653.1676842791 3649.4738848006 3649.4720154684 94.047554016113
3653.1676842791 3660.5552832362 3656.8614837576 3656.8596182019 99.21199798584
3660.5552832362 3667.9428821933 3664.2490827147 3664.2472209202 93.477653503418
3667.9428821933 3675.3304811504 3671.6366816718 3671.6348236233 90.023147583008
3675.3304811504 3682.7180801074 3679.0242806289 3679.0224263114 88.621337890625
3682.7180801074 3690.1056790645 3686.411879586 3686.4100289846 80.967834472656
3690.1056790645 3697.4932780216 3693.7994785431 3693.7976316429 89.154266357422
3697.4932780216 3704.8808769787 3701.1870775002 3701.1852342864 85.07975769043
3704.8808769787 3712.2684759358 3708.5746764572 3708.5728369152 96.141067504883
3712.2684759358 3719.6560748929 3715.9622754143 3715.9604395294 102.00003051758
3719.6560748929 3727.04367385 3723.3498743714 3723.3480421292 105.79058837891
3727.04367385 3734.431272807 3730.7374733285 3730.7356447144 112.32859802246
3734.431272807 3741.8188717641 3738.1250722856 3738.1232472854 110.27767944336
3741.8188717641 3749.2064707212 3745.5126712427 3745.5108498421 91.534683227539
3749.2064707212 3756.5940696783 3752.9002701998 3752.8984523846 88.18879699707
3756.5940696783 3763.9816686354 3760.2878691568 3760.286054913 76.478050231934
3763.9816686354 3771.3692675925 3767.6754681139 3767.6736574275 82.702522277832
3771.3692675925 3778.7568665496 3775.063067071 3775.061259928 80.984336853027
3778.7568665496 3786.1444655066 3782.4506660281 3782.4488624146 75.29517364502
3786.1444655066 3793.5320644637 3789.8382649852 3789.8364648875 84.685745239258
3793.5320644637 3800.9196634208 3797.2258639423 3797.2240673468 92.235595703125
3800.9196634208 3808.3072623779 3804.6134628994 3804.6116697924 96.14363861084
3808.3072623779 3815.694861335 3812.0010618564 3811.9992722245 95.011871337891
3815.694861335 3823.0824602921 3819.3886608135 3819.3868746432 91.274192810059
3823.0824602921 3830.4700592492 3826.7762597706 3826.7744770484 90.277626037598
3830.4700592492 3837.8576582062 3834.1638587277 3834.1620794405 84.692733764648
3837.8576582062 3845.2452571633 3841.5514576848 3841.5496818192 80.893852233887
3845.2452571633 3852.6328561204 3848.9390566419 3848.9372841849 86.69603729248
3852.6328561204 3860.0204550775 3856.326655599 3856.3248865375 88.833335876465
3860.0204550775 3867.4080540346 3863.714254556 3863.7124888771 87.681915283203
3867.4080540346 3874.7956529917 3871.1018535131 3871.1000912038 93.402824401855
3874.7956529917 3882.1832519488 3878.4894524702 3878.4876935177 92.664886474609
3882.1832519488 3889.5708509059 3885.8770514273 3885.8752958188 94.662239074707
3889.5708509059 3896.9584498629 3893.2646503844 3893.2628981072 98.408813476562
3896.9584498629 3904.34604882 3900.6522493415 3900.650500383 92.214912414551
3904.34604882 3911.7336477771 3908.0398482986 3908.0381026462 88.543533325195
3911.7336477771 3919.1212467342 3915.4274472557 3915.425704897 85.928253173828
3919.1212467342 3926.5088456913 3922.8150462127 3922.8133071354 82.616600036621
3926.5088456913 3933.8964446484 3930.2026451698 3930.2009093614 84.747138977051
3933.8964446484 3941.2840436055 3937.5902441269 3937.5885115752 85.887634277344
3941.2840436055 3948.6716425625 3944.977843084 3944.9761137767 100.98908996582
3948.6716425625 3956.0592415196 3952.3654420411 3952.3637159662 104.13379669189
3956.0592415196 3963.4468404767 3959.7530409982 3959.7513181436 108.61241149902
3963.4468404767 3970.8344394338 3967.1406399553 3967.1389203089 112.01331329346
3970.8344394338 3978.2220383909 3974.5282389123 3974.5265224624 105.21478271484
3978.2220383909 3985.609637348 3981.9158378694 3981.914124604 84.177665710449
3985.609637348 3992.9972363051 3989.3034368265 3989.3017267338 81.417663574219
3992.9972363051 4000.3848352621 3996.6910357836 3996.6893288519 81.041114807129
4000.3848352621 4007.7724342192 4004.0786347407 4004.0769309583 79.980247497559
4007.7724342192 4015.1600331763 4011.4662336978 4011.4645330531 79.767486572266
4015.1600331763 4022.5476321334 4018.8538326549 4018.8521351364 86.185676574707
4022.5476321334 4029.9352310905 4026.2414316119 4026.2397372082 92.462921142578
4029.9352310905 4037.3228300476 4033.629030569 4033.6273392685 94.517608642578
4037.3228300476 4044.7104290047 4041.0166295261 4041.0149413176 94.05020904541
4044.7104290047 4052.0980279617 4048.4042284832 4048.4025433554 87.739692687988
4052.0980279617 4059.4856269188 4055.7918274403 4055.7901453819 88.312492370605
4059.4856269188 4066.8732258759 4063.1794263974 4063.1777473973 84.263214111328
4066.8732258759 4074.260824833 4070.5670253545 4070.5653494015 80.790069580078
4074.260824833 4081.6484237901 4077.9546243115 4077.9529513948 72.958396911621
4081.6484237901 4089.0360227472 4085.3422232686 4085.340553377 83.896064758301
4089.0360227472 4096.4236217043 4092.7298222257 4092.7281553484 81.030250549316
4096.4236217043 4103.8112206613 4100.1174211828 4100.1157573088 88.989677429199
4103.8112206613 4111.1988196184 4107.5050201399 4107.5033592585 93.601608276367
4111.1988196184 4118.5864185755 4114.892619097 4114.8909611974 93.291694641113
4118.5864185755 4125.9740175326 4122.2802180541 4122.2785631257 97.007034301758
4125.9740175326 4133.3616164897 4129.6678170111 4129.6661650433 94.107109069824
4133.3616164897 4140.7492154468 4137.0554159682 4137.0537669503 81.419013977051
4140.7492154468 4148.1368144039 4144.4430149253 4144.4413688468 84.118576049805
4148.1368144039 4155.524413361 4151.8306138824 4151.8289707328 78.663093566895
4155.524413361 4162.912012318 4159.2182128395 4159.2165726085 86.343971252441
4162.912012318 4170.2996112751 4166.6058117966 4166.6041744738 87.508262634277
4170.2996112751 4177.6872102322 4173.9934107537 4173.9917763288 94.681243896484
4177.6872102322 4185.0748091893 4181.3810097108 4181.3793781736 104.06454467773
4185.0748091893 4192.4624081464 4188.7686086678 4188.7669800081 105.6549987793
4192.4624081464 4199.8500071035 4196.1562076249 4196.1545818326 110.08879089355
4199.8500071035 4207.2376060606 4203.543806582 4203.542183647 109.79615783691
4207.2376060606 4214.6252050176 4210.9314055391 4210.9297854513 96.53099822998
4214.6252050176 4222.0128039747 4218.3190044962 4218.3173872457 86.733543395996
4222.0128039747 4229.4004029318 4225.7066034533 4225.7049890301 74.206398010254
4229.4004029318 4236.7880018889 4233.0942024104 4233.0925908047 72.4189453125
4236.7880018889 4244.175600846 4240.4818013674 4240.4801925695 73.884483337402
4244.175600846 4251.5631998031 4247.8694003245 4247.8677943245 79.087005615234
4251.5631998031 4258.9507987602 4255.2569992816 4255.2553960697 88.661293029785
4258.9507987602 4266.3383977172 4262.6445982387 4262.6429978054 92.59203338623
4266.3383977172 4273.7259966743 4270.0321971958 4270.0305995314 93.179214477539
4273.7259966743 4281.1135956314 4277.4197961529 4277.4182012478 92.352951049805
4281.1135956314 4288.5011945885 4284.80739511 4284.8058029547 83.115577697754
4288.5011945885 4295.8887935456 4292.194994067 4292.1934046522 81.04133605957
4295.8887935456 4303.2763925027 4299.5825930241 4299.5810063402 79.992446899414
4303.2763925027 4310.6639914598 4306.9701919812 4306.9686080189 63.607475280762
4310.6639914598 4318.0515904168 4314.3577909383 4314.3562096882 82.265968322754
4318.0515904168 4325.4391893739 4321.7453898954 4321.7438113483 85.567817687988
4325.4391893739 4332.826788331 4329.1329888525 4329.1314129992 78.243423461914
4332.826788331 4340.2143872881 4336.5205878096 4336.5190146408 92.040481567383
4340.2143872881 4347.6019862452 4343.9081867666 4343.9066162734 93.166595458984
4347.6019862452 4354.9895852023 4351.2957857237 4351.2942178968 92.839836120605
4354.9895852023 4362.3771841594 4358.6833846808 4358.6818195113 95.166320800781
4362.3771841594 4369.7647831164 4366.0709836379 4366.0694211167 89.103942871094
4369.7647831164 4377.1523820735 4373.458582595 4373.4570227132 83.081146240234
4377.1523820735 4384.5399810306 4380.8461815521 4380.8446243008 82.759239196777
4384.5399810306 4391.9275799877 4388.2337805092 4388.2322258795 82.876304626465
4391.9275799877 4399.3151789448 4395.6213794663 4395.6198274494 84.856170654297
4399.3151789448 4406.7027779019 4403.0089784233 4403.0074290105 84.439453125
4406.7027779019 4414.090376859 4410.3965773804 4410.3950305629 101.70907592773
4414.090376859 4421.4779758161 4417.7841763375 4417.7826321067 106.04912567139
4421.4779758161 4428.8655747731 4425.1717752946 4425.1702336418 107.14234924316
4428.8655747731 4436.2531737302 4432.5593742517 4432.5578351683 110.39730072021
4436.2531737302 4443.6407726873 4439.9469732088 4439.9454366863 106.03266906738
4443.6407726873 4451.0283716444 4447.3345721659 4447.3330381957 81.721069335938
4451.0283716444 4458.4159706015 4454.7221711229 4454.7206396967 84.727005004883
4458.4159706015 4465.8035695586 4462.10977008 4462.1082411893 81.987167358398
4465.8035695586 4473.1911685157 4469.4973690371 4469.4958426734 75.539207458496
4473.1911685157 4480.5787674727 4476.8849679942 4476.8834441493 57.214408874512
4480.5787674727 4487.9663664298 4484.2725669513 4484.2710456168 79.509986877441
4487.9663664298 4495.3539653869 4491.6601659084 4491.6586470761 90.579734802246
4495.3539653869 4502.741564344 4499.0477648655 4499.0462485272 92.447578430176
4502.741564344 4510.1291633011 4506.4353638225 4506.43384997 91.875778198242
4510.1291633011 4517.5167622582 4513.8229627796 4513.8214514048 87.992294311523
4517.5167622582 4524.9043612153 4521.2105617367 4521.2090528314 81.580841064453
4524.9043612153 4532.2919601723 4528.5981606938 4528.59665425 81.160087585449
4532.2919601723 4539.6795591294 4535.9857596509 4535.9842556606 78.065246582031
4539.6795591294 4547.0671580865 4543.373358608 4543.3718570632 73.705139160156
4547.0671580865 4554.4547570436 4550.7609575651 4550.7594584579 83.040176391602
4554.4547570436 4561.8423560007 4558.1485565221 4558.1470598446 80.135139465332
4561.8423560007 4569.2299549578 4565.5361554792 4565.5346612235 85.702514648438
4569.2299549578 4576.6175539149 4572.9237544363 4572.9222625946 92.466262817383
4576.6175539149 4584.0051528719 4580.3113533934 4580.3098639579 90.98267364502
4584.0051528719 4591.392751829 4587.6989523505 4587.6974653134 93.126808166504
4591.392751829 4598.7803507861 4595.0865513076 4595.0850666612 93.154937744141
4598.7803507861 4606.1679497432 4602.4741502647 4602.4726680014 83.514587402344
4606.1679497432 4613.5555487003 4609.8617492217 4609.8602693339 78.761299133301
4613.5555487003 4620.9431476574 4617.2493481788 4617.2478706588 80.628067016602
4620.9431476574 4628.3307466145 4624.6369471359 4624.6354719761 82.812675476074
4628.3307466145 4635.7183455716 4632.024546093 4632.023073286 86.088005065918
4635.7183455716 4643.1059445286 4639.4121450501 4639.4106745883 92.704521179199
4643.1059445286 4650.4935434857 4646.7997440072 4646.7982758831 105.62024688721
4650.4935434857 4657.8811424428 4654.1873429643 4654.1858771706 107.03262329102
4657.8811424428 4665.2687413999 4661.5749419214 4661.5734784506 108.54795837402
4665.2687413999 4672.656340357 4668.9625408784 4668.9610797234 109.33918762207
4672.656340357 4680.0439393141 4676.3501398355 4676.3486809887 99.773002624512
4680.0439393141 4687.4315382712 4683.7377387926 4683.7362822468 85.492958068848
4687.4315382712 4694.8191372282 4691.1253377497 4691.1238834977 81.138671875
4694.8191372282 4702.2067361853 4698.5129367068 4698.5114847414 78.620185852051
4702.2067361853 4709.5943351424 4705.9005356639 4705.8990859778 73.360237121582
4709.5943351424 4716.9819340995 4713.288134621 4713.2866872071 70.233108520508
4716.9819340995 4724.3695330566 4720.675733578 4720.6742884294 88.483070373535
4724.3695330566 4731.7571320137 4728.0633325351 4728.0618896445 93.122718811035
4731.7571320137 4739.1447309708 4735.4509314922 4735.4494908526 91.630310058594
4739.1447309708 4746.5323299278 4742.8385304493 4742.8370920536 90.884780883789
4746.5323299278 4753.9199288849 4750.2261294064 4750.2246932477 84.072113037109
4753.9199288849 4761.307527842 4757.6137283635 4757.6122944349 78.133605957031
4761.307527842 4768.6951267991 4765.0013273206 4764.9998956151 74.939727783203
4768.6951267991 4776.0827257562 4772.3889262776 4772.3874967885 72.876075744629
4776.0827257562 4783.4703247133 4779.7765252347 4779.775097955 71.03736114502
4783.4703247133 4790.8579236704 4787.1641241918 4787.1626991146 77.273315429688
4790.8579236704 4798.2455226274 4794.5517231489 4794.5503002675 70.448638916016
4798.2455226274 4805.6331215845 4801.939322106 4801.9379014137 90.339881896973
4805.6331215845 4813.0207205416 4809.3269210631 4809.3255025531 92.254249572754
4813.0207205416 4820.4083194987 4816.7145200202 4816.7131036858 91.254516601562
4820.4083194987 4827.7959184558 4824.1021189772 4824.1007048118 93.616188049316
4827.7959184558 4835.1835174129 4831.4897179343 4831.4883059313 88.601715087891
4835.1835174129 4842.57111637 4838.8773168914 4838.8759070441 63.942497253418
4842.57111637 4849.958715327 4846.2649158485 4846.2635081503 75.301628112793
4849.958715327 4857.3463142841 4853.6525148056 4853.65110925 79.674003601074
4857.3463142841 4864.7339132412 4861.0401137627 4861.0387103432 84.007698059082
4864.7339132412 4872.1215121983 4868.4277127198 4868.4263114299 85.553657531738
4872.1215121983 4879.5091111554 4875.8153116768 4875.8139125102 101.11066436768
4879.5091111554 4886.8967101125 4883.2029106339 4883.201513584 107.96823883057
4886.8967101125 4894.2843090696 4890.590509591 4890.5891146514 107.34561920166
4894.2843090696 4901.6719080267 4897.9781085481 4897.9767157125 108.80493927002
4901.6719080267 4909.0595069837 4905.3657075052 4905.3643167672 106.37390899658
4909.0595069837 4916.4471059408 4912.7533064623 4912.7519178157 89.521476745605
4916.4471059408 4923.8347048979 4920.1409054194 4920.1395188578 85.003593444824
4923.8347048979 4931.222303855 4927.5285043765 4927.5271198937 78.865005493164
4931.222303855 4938.6099028121 4934.9161033335 4934.9147209234 76.507789611816
4938.6099028121 4945.9975017692 4942.3037022906 4942.3023219468 78.42724609375
4945.9975017692 4953.3851007263 4949.6913012477 4949.6899229641 80.393623352051
4953.3851007263 4960.7726996833 4957.0789002048 4957.0775239753 92.422096252441
4960.7726996833 4968.1602986404 4964.4664991619 4964.4651249803 93.295188903809
4968.1602986404 4975.5478975975 4971.854098119 4971.8527259793 91.803329467773
4975.5478975975 4982.9354965546 4979.2416970761 4979.2403269722 90.788269042969
4982.9354965546 4990.3230955117 4986.6292960331 4986.6279279591 80.692909240723
4990.3230955117 4997.7106944688 4994.0168949902 4994.0155289399 73.022773742676
4997.7106944688 5005.0982934259 5001.4044939473 5001.4031299148 69.936218261719
5005.0982934259 5012.4858923829 5008.7920929044 5008.7907308838 69.057350158691
