Sample 1_Frequency [Hz]	Sound Pressure Level at Material Surface [dB]	
3,000000E+2	9,923486E+1
3,015625E+2	9,889332E+1
3,031250E+2	9,853779E+1
3,046875E+2	9,821633E+1
3,062500E+2	9,788252E+1
3,078125E+2	9,851872E+1
3,093750E+2	9,911149E+1
3,109375E+2	9,931340E+1
3,125000E+2	9,951073E+1
3,140625E+2	9,964169E+1
3,156250E+2	9,977070E+1
3,171875E+2	9,983219E+1
3,187500E+2	9,989325E+1
3,203125E+2	9,988735E+1
3,218750E+2	9,988145E+1
3,234375E+2	9,980897E+1
3,250000E+2	9,973588E+1
3,265625E+2	9,959328E+1
3,281250E+2	9,944830E+1
3,296875E+2	9,951458E+1
3,312500E+2	9,958035E+1
3,328125E+2	9,979479E+1
3,343750E+2	1,000041E+2
3,359375E+2	1,001506E+2
3,375000E+2	1,002947E+2
3,390625E+2	1,003731E+2
3,406250E+2	1,004507E+2
3,421875E+2	1,004615E+2
3,437500E+2	1,004723E+2
3,453125E+2	1,004166E+2
3,468750E+2	1,003604E+2
3,484375E+2	1,002373E+2
3,500000E+2	1,001123E+2
3,515625E+2	9,992084E+1
3,531250E+2	9,972507E+1
3,546875E+2	9,900566E+1
3,562500E+2	9,822125E+1
3,578125E+2	9,842300E+1
3,593750E+2	9,862017E+1
3,609375E+2	9,876323E+1
3,625000E+2	9,890398E+1
3,640625E+2	9,897698E+1
3,656250E+2	9,904937E+1
3,671875E+2	9,905550E+1
3,687500E+2	9,906162E+1
3,703125E+2	9,837088E+1
3,718750E+2	9,762044E+1
3,734375E+2	9,797641E+1
3,750000E+2	9,831836E+1
3,765625E+2	9,859620E+1
3,781250E+2	9,886543E+1
3,796875E+2	9,907514E+1
3,812500E+2	9,927990E+1
3,828125E+2	9,942879E+1
3,843750E+2	9,957517E+1
3,859375E+2	9,966112E+1
3,875000E+2	9,974623E+1
3,890625E+2	9,977004E+1
3,906250E+2	9,979379E+1
3,921875E+2	9,974977E+1
3,937500E+2	9,970552E+1
3,953125E+2	9,959354E+1
3,968750E+2	9,948009E+1
3,984375E+2	9,930834E+1
4,000000E+2	9,913311E+1
4,015625E+2	9,909745E+1
4,031250E+2	9,906164E+1
4,046875E+2	9,933462E+1
4,062500E+2	9,959929E+1
4,078125E+2	9,980002E+1
4,093750E+2	9,999621E+1
4,109375E+2	1,001274E+2
4,125000E+2	1,002566E+2
4,140625E+2	1,003167E+2
4,156250E+2	1,003765E+2
4,171875E+2	1,003699E+2
4,187500E+2	1,003632E+2
4,203125E+2	1,002896E+2
4,218750E+2	1,002154E+2
4,234375E+2	1,000784E+2
4,250000E+2	9,993907E+1
4,265625E+2	9,973863E+1
4,281250E+2	9,953345E+1
4,296875E+2	9,926968E+1
4,312500E+2	9,899764E+1
4,328125E+2	9,923587E+1
4,343750E+2	9,946773E+1
4,359375E+2	9,961640E+1
4,375000E+2	9,976258E+1
4,390625E+2	9,984789E+1
4,406250E+2	9,993237E+1
4,421875E+2	9,995590E+1
4,437500E+2	9,997936E+1
4,453125E+2	9,994147E+1
4,468750E+2	9,990343E+1
4,484375E+2	9,980358E+1
4,500000E+2	9,970257E+1
4,515625E+2	9,954007E+1
4,531250E+2	9,937447E+1
4,546875E+2	9,914828E+1
4,562500E+2	9,891604E+1
4,578125E+2	9,862377E+1
4,593750E+2	9,832133E+1
4,609375E+2	9,795959E+1
4,625000E+2	9,758212E+1
4,640625E+2	9,714719E+1
4,656250E+2	9,668932E+1
4,671875E+2	9,617981E+1
4,687500E+2	9,563853E+1
4,703125E+2	9,557111E+1
4,718750E+2	9,550317E+1
4,734375E+2	9,530717E+1
4,750000E+2	9,510664E+1
4,765625E+2	9,484762E+1
4,781250E+2	9,458063E+1
4,796875E+2	9,425516E+1
4,812500E+2	9,391701E+1
4,828125E+2	9,352062E+1
4,843750E+2	9,310526E+1
4,859375E+2	9,263315E+1
4,875000E+2	9,213390E+1
4,890625E+2	9,158008E+1
4,906250E+2	9,098851E+1
4,921875E+2	9,034611E+1
4,937500E+2	8,965238E+1
4,953125E+2	9,120625E+1
4,968750E+2	9,252386E+1
4,984375E+2	9,279379E+1
5,000000E+2	9,305558E+1
5,015625E+2	9,324960E+1
5,031250E+2	9,343938E+1
5,046875E+2	9,355973E+1
5,062500E+2	9,367843E+1
5,078125E+2	9,372788E+1
5,093750E+2	9,377705E+1
5,109375E+2	9,375847E+1
5,125000E+2	9,373985E+1
5,140625E+2	9,365276E+1
5,156250E+2	9,356479E+1
5,171875E+2	9,341097E+1
5,187500E+2	9,325438E+1
5,203125E+2	9,303324E+1
5,218750E+2	9,280631E+1
5,234375E+2	9,251456E+1
5,250000E+2	9,221266E+1
5,265625E+2	9,184552E+1
5,281250E+2	9,146218E+1
5,296875E+2	9,101659E+1
5,312500E+2	9,054690E+1
5,328125E+2	9,001898E+1
5,343750E+2	8,945688E+1
5,359375E+2	8,950087E+1
5,375000E+2	8,954465E+1
5,390625E+2	8,941358E+1
5,406250E+2	8,928050E+1
5,421875E+2	8,935508E+1
5,437500E+2	8,942903E+1
5,453125E+2	8,955882E+1
5,468750E+2	8,968671E+1
5,484375E+2	8,973908E+1
5,500000E+2	8,979113E+1
5,515625E+2	8,982563E+1
5,531250E+2	8,986000E+1
5,546875E+2	8,989526E+1
5,562500E+2	8,993037E+1
5,578125E+2	8,997063E+1
5,593750E+2	9,001070E+1
5,609375E+2	9,030256E+1
5,625000E+2	9,058494E+1
5,640625E+2	9,076612E+1
5,656250E+2	9,094360E+1
5,671875E+2	9,106328E+1
5,687500E+2	9,118134E+1
5,703125E+2	9,124580E+1
5,718750E+2	9,130979E+1
5,734375E+2	9,132710E+1
5,750000E+2	9,134437E+1
5,765625E+2	9,131227E+1
5,781250E+2	9,128006E+1
5,796875E+2	9,119156E+1
5,812500E+2	9,110216E+1
5,828125E+2	9,095296E+1
5,843750E+2	9,080115E+1
5,859375E+2	9,059143E+1
5,875000E+2	9,037651E+1
5,890625E+2	9,011424E+1
5,906250E+2	8,984381E+1
5,921875E+2	8,952439E+1
5,937500E+2	8,919278E+1
5,953125E+2	9,073156E+1
5,968750E+2	9,203832E+1
5,984375E+2	9,235257E+1
6,000000E+2	9,265585E+1
6,015625E+2	9,289646E+1
6,031250E+2	9,313059E+1
6,046875E+2	9,330262E+1
6,062500E+2	9,347130E+1
6,078125E+2	9,357960E+1
6,093750E+2	9,368656E+1
6,109375E+2	9,373793E+1
6,125000E+2	9,378900E+1
6,140625E+2	9,378047E+1
6,156250E+2	9,377193E+1
6,171875E+2	9,371459E+1
6,187500E+2	9,365686E+1
6,203125E+2	9,354955E+1
6,218750E+2	9,344089E+1
6,234375E+2	9,329411E+1
6,250000E+2	9,314481E+1
6,265625E+2	9,294883E+1
6,281250E+2	9,274834E+1
6,296875E+2	9,251925E+1
6,312500E+2	9,228395E+1
6,328125E+2	9,201231E+1
6,343750E+2	9,173189E+1
6,359375E+2	9,142231E+1
6,375000E+2	9,110128E+1
6,390625E+2	9,075441E+1
6,406250E+2	9,039311E+1
6,421875E+2	9,000865E+1
6,437500E+2	8,960639E+1
6,453125E+2	8,918468E+1
6,468750E+2	8,874144E+1
6,484375E+2	8,828285E+1
6,500000E+2	8,779869E+1
6,515625E+2	9,191748E+1
6,531250E+2	9,470003E+1
6,546875E+2	9,524621E+1
6,562500E+2	9,576007E+1
6,578125E+2	9,621433E+1
6,593750E+2	9,664601E+1
6,609375E+2	9,708053E+1
6,625000E+2	9,749434E+1
6,640625E+2	9,784952E+1
6,656250E+2	9,819074E+1
6,671875E+2	9,839989E+1
6,687500E+2	9,860412E+1
6,703125E+2	9,874440E+1
6,718750E+2	9,888246E+1
6,734375E+2	9,806780E+1
6,750000E+2	9,716874E+1
6,765625E+2	9,769891E+1
6,781250E+2	9,819857E+1
6,796875E+2	9,863624E+1
6,812500E+2	9,905290E+1
6,828125E+2	9,939472E+1
6,843750E+2	9,972360E+1
6,859375E+2	9,998212E+1
6,875000E+2	1,002332E+2
6,890625E+2	1,004148E+2
6,906250E+2	1,005926E+2
6,921875E+2	1,007053E+2
6,937500E+2	1,008166E+2
6,953125E+2	1,008624E+2
6,968750E+2	1,009080E+2
6,984375E+2	1,008907E+2
7,000000E+2	1,008734E+2
7,015625E+2	1,007807E+2
7,031250E+2	1,006870E+2
7,046875E+2	1,004193E+2
7,062500E+2	1,001431E+2
7,078125E+2	9,987892E+1
7,093750E+2	9,960644E+1
7,109375E+2	9,946805E+1
7,125000E+2	9,932742E+1
7,140625E+2	9,915916E+1
7,156250E+2	9,898757E+1
7,171875E+2	9,876746E+1
7,187500E+2	9,854162E+1
7,203125E+2	9,826534E+1
7,218750E+2	9,797999E+1
7,234375E+2	9,764064E+1
7,250000E+2	9,728749E+1
7,265625E+2	9,688845E+1
7,281250E+2	9,647019E+1
7,296875E+2	9,600090E+1
7,312500E+2	9,550480E+1
7,328125E+2	9,496379E+1
7,343750E+2	9,438683E+1
7,359375E+2	9,376592E+1
7,375000E+2	9,309720E+1
7,390625E+2	9,238676E+1
7,406250E+2	9,161300E+1
7,421875E+2	9,014603E+1
7,437500E+2	8,837992E+1
7,453125E+2	8,804150E+1
7,468750E+2	8,768936E+1
7,484375E+2	8,743324E+1
7,500000E+2	8,716934E+1
7,515625E+2	8,700102E+1
7,531250E+2	8,682936E+1
7,546875E+2	8,663126E+1
7,562500E+2	8,642853E+1
7,578125E+2	8,622555E+1
7,593750E+2	8,601771E+1
7,609375E+2	8,536818E+1
7,625000E+2	8,466611E+1
7,640625E+2	8,475957E+1
7,656250E+2	8,485204E+1
7,671875E+2	8,492431E+1
7,687500E+2	8,499598E+1
7,703125E+2	8,502761E+1
7,718750E+2	8,505912E+1
7,734375E+2	8,503789E+1
7,750000E+2	8,501661E+1
7,765625E+2	8,495121E+1
7,781250E+2	8,488532E+1
7,796875E+2	8,480101E+1
7,812500E+2	8,471587E+1
7,828125E+2	8,458410E+1
7,843750E+2	8,445029E+1
7,859375E+2	8,425805E+1
7,875000E+2	8,406147E+1
7,890625E+2	8,356505E+1
7,906250E+2	8,303853E+1
7,921875E+2	8,290957E+1
7,937500E+2	8,277867E+1
7,953125E+2	8,263459E+1
7,968750E+2	8,248808E+1
7,984375E+2	8,230914E+1
8,000000E+2	8,212643E+1
8,015625E+2	8,042167E+1
8,031250E+2	7,829854E+1
8,046875E+2	7,917749E+1
8,062500E+2	7,997561E+1
8,078125E+2	8,077750E+1
8,093750E+2	8,151157E+1
8,109375E+2	8,225833E+1
8,125000E+2	8,294594E+1
8,140625E+2	8,364641E+1
8,156250E+2	8,429459E+1
8,171875E+2	8,495348E+1
8,187500E+2	8,556590E+1
8,203125E+2	8,619381E+1
8,218750E+2	8,677936E+1
8,234375E+2	8,737630E+1
8,250000E+2	8,793485E+1
8,265625E+2	8,850449E+1
8,281250E+2	8,903906E+1
8,296875E+2	8,958644E+1
8,312500E+2	9,010135E+1
8,328125E+2	9,062519E+1
8,343750E+2	9,111923E+1
8,359375E+2	9,162524E+1
8,375000E+2	9,210340E+1
8,390625E+2	9,257917E+1
8,406250E+2	9,303024E+1
8,421875E+2	9,348190E+1
8,437500E+2	9,391123E+1
8,453125E+2	9,434038E+1
8,468750E+2	9,474931E+1
8,484375E+2	9,511168E+1
8,500000E+2	9,545953E+1
8,515625E+2	9,579988E+1
8,531250E+2	9,612739E+1
8,546875E+2	9,644343E+1
8,562500E+2	9,674837E+1
8,578125E+2	9,703548E+1
8,593750E+2	9,731340E+1
8,609375E+2	9,754435E+1
8,625000E+2	9,776931E+1
8,640625E+2	9,793296E+1
8,656250E+2	9,809358E+1
8,671875E+2	9,776882E+1
8,687500E+2	9,743143E+1
8,703125E+2	9,796474E+1
8,718750E+2	9,846719E+1
8,734375E+2	9,889840E+1
8,750000E+2	9,930922E+1
8,765625E+2	9,965340E+1
8,781250E+2	9,998445E+1
8,796875E+2	1,002458E+2
8,812500E+2	1,004995E+2
8,828125E+2	1,006891E+2
8,843750E+2	1,008747E+2
8,859375E+2	1,010002E+2
8,875000E+2	1,011240E+2
8,890625E+2	1,011771E+2
8,906250E+2	1,012298E+2
8,921875E+2	1,012186E+2
8,937500E+2	1,012073E+2
8,953125E+2	1,011207E+2
8,968750E+2	1,010331E+2
8,984375E+2	1,008857E+2
9,000000E+2	1,007357E+2
9,015625E+2	1,005489E+2
9,031250E+2	1,003580E+2
9,046875E+2	1,001824E+2
9,062500E+2	1,000033E+2
9,078125E+2	9,982713E+1
9,093750E+2	9,964736E+1
9,109375E+2	9,941933E+1
9,125000E+2	9,918514E+1
9,140625E+2	9,888283E+1
9,156250E+2	9,856961E+1
9,171875E+2	9,849476E+1
9,187500E+2	9,841927E+1
9,203125E+2	9,883253E+1
9,218750E+2	9,922702E+1
9,234375E+2	9,956627E+1
9,250000E+2	9,989276E+1
9,265625E+2	1,001646E+2
9,281250E+2	1,004282E+2
9,296875E+2	1,006343E+2
9,312500E+2	1,008356E+2
9,328125E+2	1,009775E+2
9,343750E+2	1,011172E+2
9,359375E+2	1,011950E+2
9,375000E+2	1,012722E+2
9,390625E+2	1,012895E+2
9,406250E+2	1,013068E+2
9,421875E+2	1,012572E+2
9,437500E+2	1,012074E+2
9,453125E+2	1,010924E+2
9,468750E+2	1,009759E+2
9,484375E+2	1,007968E+2
9,500000E+2	1,006140E+2
9,515625E+2	1,003678E+2
9,531250E+2	1,001143E+2
9,546875E+2	9,979919E+1
9,562500E+2	9,947219E+1
9,578125E+2	9,908520E+1
9,593750E+2	9,868016E+1
9,609375E+2	9,821819E+1
9,625000E+2	9,773025E+1
9,640625E+2	1,008003E+2
9,656250E+2	1,030641E+2
9,671875E+2	1,031596E+2
9,687500E+2	1,032540E+2
9,703125E+2	1,032974E+2
9,718750E+2	1,033405E+2
9,734375E+2	1,033345E+2
9,750000E+2	1,033286E+2
9,765625E+2	1,032746E+2
9,781250E+2	1,032204E+2
9,796875E+2	1,031119E+2
9,812500E+2	1,030020E+2
9,828125E+2	1,028490E+2
9,843750E+2	1,026932E+2
9,859375E+2	1,024823E+2
9,875000E+2	1,022662E+2
9,890625E+2	1,019962E+2
9,906250E+2	1,017175E+2
9,921875E+2	1,013911E+2
9,937500E+2	1,010519E+2
9,953125E+2	1,006665E+2
9,968750E+2	1,002633E+2
9,984375E+2	9,982211E+1
1,000000E+3	9,935735E+1
1,001562E+3	9,886140E+1
1,003125E+3	9,833541E+1
1,004687E+3	9,778672E+1
1,006250E+3	9,720101E+1
1,007812E+3	9,868167E+1
1,009375E+3	9,994631E+1
1,010937E+3	1,000335E+2
1,012500E+3	1,001198E+2
1,014062E+3	1,001509E+2
1,015625E+3	1,001820E+2
1,017187E+3	1,018379E+2
1,018750E+3	1,032281E+2
1,020312E+3	1,037553E+2
1,021875E+3	1,042524E+2
1,023437E+3	1,047073E+2
1,025000E+3	1,051396E+2
1,026562E+3	1,055118E+2
1,028125E+3	1,058687E+2
1,029687E+3	1,061594E+2
1,031250E+3	1,064407E+2
1,032812E+3	1,066469E+2
1,034375E+3	1,068483E+2
1,035937E+3	1,069742E+2
1,037500E+3	1,070983E+2
1,039062E+3	1,071470E+2
1,040625E+3	1,071955E+2
1,042187E+3	1,071719E+2
1,043750E+3	1,071481E+2
1,045312E+3	1,070544E+2
1,046875E+3	1,069596E+2
1,048437E+3	1,067983E+2
1,050000E+3	1,066340E+2
1,051562E+3	1,064108E+2
1,053125E+3	1,061818E+2
1,054687E+3	1,058982E+2
1,056250E+3	1,056051E+2
1,057812E+3	1,052642E+2
1,059375E+3	1,049095E+2
1,060937E+3	1,045144E+2
1,062500E+3	1,041005E+2
1,064062E+3	1,036600E+2
1,065625E+3	1,031959E+2
1,067187E+3	1,027050E+2
1,068750E+3	1,021848E+2
1,070312E+3	1,016560E+2
1,071875E+3	1,010930E+2
1,073437E+3	1,005111E+2
1,075000E+3	9,988742E+1
1,076562E+3	9,926484E+1
1,078125E+3	9,859417E+1
1,079687E+3	9,793537E+1
1,081250E+3	9,722247E+1
1,082812E+3	9,820613E+1
1,084375E+3	9,908965E+1
1,085937E+3	9,908340E+1
1,087500E+3	9,907715E+1
1,089062E+3	9,901232E+1
1,090625E+3	9,894700E+1
1,092187E+3	9,993065E+1
1,093750E+3	1,008142E+2
1,095312E+3	1,010244E+2
1,096875E+3	1,012297E+2
1,098437E+3	1,013499E+2
1,100000E+3	1,014686E+2
1,101562E+3	1,013010E+2
1,103125E+3	1,011301E+2
1,104687E+3	1,018604E+2
1,106250E+3	1,025341E+2
1,107812E+3	1,031312E+2
1,109375E+3	1,036898E+2
1,110937E+3	1,045793E+2
1,112500E+3	1,053861E+2
1,114062E+3	1,062263E+2
1,115625E+3	1,069923E+2
1,117187E+3	1,077704E+2
1,118750E+3	1,084845E+2
1,120312E+3	1,091816E+2
1,121875E+3	1,098268E+2
1,123437E+3	1,104313E+2
1,125000E+3	1,109965E+2
1,126562E+3	1,115040E+2
1,128125E+3	1,119835E+2
1,129687E+3	1,123999E+2
1,131250E+3	1,127973E+2
1,132812E+3	1,131284E+2
1,134375E+3	1,134474E+2
1,135937E+3	1,136985E+2
1,137500E+3	1,139426E+2
1,139062E+3	1,141182E+2
1,140625E+3	1,142903E+2
1,142187E+3	1,143955E+2
1,143750E+3	1,144994E+2
1,145312E+3	1,145386E+2
1,146875E+3	1,145776E+2
1,148437E+3	1,145552E+2
1,150000E+3	1,145326E+2
1,151562E+3	1,144511E+2
1,153125E+3	1,143687E+2
1,154687E+3	1,142339E+2
1,156250E+3	1,140970E+2
1,157812E+3	1,139095E+2
1,159375E+3	1,137179E+2
1,160937E+3	1,134818E+2
1,162500E+3	1,132391E+2
1,164062E+3	1,129585E+2
1,165625E+3	1,126685E+2
1,167187E+3	1,123423E+2
1,168750E+3	1,120034E+2
1,170312E+3	1,116341E+2
1,171875E+3	1,112483E+2
1,173437E+3	1,108387E+2
1,175000E+3	1,104088E+2
1,176562E+3	1,099587E+2
1,178125E+3	1,094839E+2
1,179687E+3	1,089938E+2
1,181250E+3	1,084743E+2
1,182812E+3	1,079490E+2
1,184375E+3	1,073898E+2
1,185937E+3	1,068302E+2
1,187500E+3	1,062320E+2
1,189062E+3	1,056407E+2
1,190625E+3	1,050061E+2
1,192187E+3	1,043904E+2
1,193750E+3	1,037278E+2
1,195312E+3	1,030914E+2
1,196875E+3	1,024047E+2
1,198437E+3	1,017558E+2
1,200000E+3	1,010545E+2
1,201562E+3	1,003997E+2
1,203125E+3	9,969147E+1
1,204687E+3	9,903567E+1
1,206250E+3	9,832629E+1
1,207812E+3	9,767025E+1
1,209375E+3	9,696057E+1
1,210937E+3	9,629462E+1
1,212500E+3	9,557334E+1
1,214062E+3	9,529762E+1
1,215625E+3	9,501286E+1
1,217187E+3	9,527228E+1
1,218750E+3	9,552417E+1
1,220312E+3	9,570343E+1
1,221875E+3	9,587906E+1
1,223437E+3	9,599066E+1
1,225000E+3	9,610085E+1
1,226562E+3	9,614699E+1
1,228125E+3	9,619289E+1
1,229687E+3	9,617397E+1
1,231250E+3	9,615502E+1
1,232812E+3	9,580324E+1
1,234375E+3	9,543662E+1
1,235937E+3	9,598665E+1
1,237500E+3	9,650391E+1
1,239062E+3	9,698709E+1
1,240625E+3	9,744480E+1
1,242187E+3	9,786521E+1
1,243750E+3	9,826621E+1
1,245312E+3	9,862260E+1
1,246875E+3	9,896494E+1
1,248437E+3	9,925441E+1
1,250000E+3	9,953454E+1
1,251562E+3	9,975581E+1
1,253125E+3	9,997158E+1
1,254687E+3	1,001260E+2
1,256250E+3	1,002777E+2
1,257812E+3	1,003674E+2
1,259375E+3	1,004562E+2
1,260937E+3	1,004845E+2
1,262500E+3	1,005126E+2
1,264062E+3	1,004812E+2
1,265625E+3	1,004497E+2
1,267187E+3	1,003573E+2
1,268750E+3	1,002639E+2
1,270312E+3	1,001124E+2
1,271875E+3	9,995814E+1
1,273437E+3	9,974629E+1
1,275000E+3	9,952915E+1
1,276562E+3	9,938751E+1
1,278125E+3	9,924353E+1
1,279687E+3	9,928324E+1
1,281250E+3	9,932276E+1
1,282812E+3	9,933705E+1
1,284375E+3	9,935131E+1
1,285937E+3	9,933645E+1
1,287500E+3	9,932157E+1
1,289062E+3	9,928702E+1
1,290625E+3	9,925233E+1
1,292187E+3	9,937978E+1
1,293750E+3	9,950539E+1
1,295312E+3	9,976716E+1
1,296875E+3	1,000213E+2
1,298437E+3	1,002129E+2
1,300000E+3	1,004003E+2
1,301562E+3	1,005220E+2
1,303125E+3	1,006419E+2
1,304687E+3	1,006956E+2
1,306250E+3	1,007490E+2
1,307812E+3	1,007375E+2
1,309375E+3	1,007259E+2
1,310937E+3	1,006505E+2
1,312500E+3	1,005744E+2
1,314062E+3	1,004352E+2
1,315625E+3	1,002937E+2
1,317187E+3	1,000903E+2
1,318750E+3	9,988209E+1
1,320312E+3	9,961088E+1
1,321875E+3	9,933094E+1
1,323437E+3	9,898757E+1
1,325000E+3	9,863007E+1
1,326562E+3	9,867616E+1
1,328125E+3	9,872201E+1
1,329687E+3	9,879232E+1
1,331250E+3	9,886207E+1
1,332812E+3	9,888022E+1
1,334375E+3	9,889832E+1
1,335937E+3	9,886049E+1
1,337500E+3	9,882250E+1
1,339062E+3	9,872691E+1
1,340625E+3	9,863026E+1
1,342187E+3	9,847601E+1
1,343750E+3	9,831896E+1
1,345312E+3	9,810508E+1
1,346875E+3	9,788580E+1
1,348437E+3	9,761211E+1
1,350000E+3	9,732952E+1
1,351562E+3	9,699713E+1
1,353125E+3	9,665151E+1
1,354687E+3	9,626214E+1
1,356250E+3	9,585449E+1
1,357812E+3	9,541782E+1
1,359375E+3	9,495803E+1
1,360937E+3	9,452293E+1
1,362500E+3	9,406489E+1
1,364062E+3	9,370980E+1
1,365625E+3	9,333958E+1
1,367187E+3	9,302908E+1
1,368750E+3	9,270707E+1
1,370312E+3	9,241057E+1
1,371875E+3	9,210358E+1
1,373437E+3	9,189822E+1
1,375000E+3	9,168788E+1
1,376562E+3	9,155692E+1
1,378125E+3	9,142395E+1
1,379687E+3	9,144224E+1
1,381250E+3	9,146050E+1
1,382812E+3	9,153029E+1
1,384375E+3	9,159953E+1
1,385937E+3	9,167866E+1
1,387500E+3	9,175708E+1
1,389062E+3	9,184827E+1
1,390625E+3	9,193851E+1
1,392187E+3	9,203853E+1
1,393750E+3	9,213740E+1
1,395312E+3	9,221596E+1
1,396875E+3	9,229382E+1
1,398437E+3	9,288610E+1
1,400000E+3	9,344056E+1
1,401562E+3	9,394272E+1
1,403125E+3	9,441742E+1
1,404687E+3	9,483800E+1
1,406250E+3	9,523915E+1
1,407812E+3	9,558618E+1
1,409375E+3	9,591988E+1
1,410937E+3	9,619949E+1
1,412500E+3	9,647037E+1
1,414062E+3	9,668624E+1
1,415625E+3	9,689688E+1
1,417187E+3	9,705151E+1
1,418750E+3	9,720344E+1
1,420312E+3	9,729940E+1
1,421875E+3	9,739431E+1
1,423437E+3	9,743524E+1
1,425000E+3	9,747598E+1
1,426562E+3	9,747223E+1
1,428125E+3	9,746848E+1
1,429687E+3	9,743118E+1
1,431250E+3	9,739373E+1
1,432812E+3	9,732721E+1
1,434375E+3	9,726018E+1
1,435937E+3	9,716709E+1
1,437500E+3	9,707300E+1
1,439062E+3	9,695207E+1
1,440625E+3	9,682943E+1
1,442187E+3	9,667175E+1
1,443750E+3	9,651114E+1
1,445312E+3	9,630658E+1
1,446875E+3	9,609707E+1
1,448437E+3	9,584011E+1
1,450000E+3	9,557532E+1
1,451562E+3	9,526177E+1
1,453125E+3	9,493648E+1
1,454687E+3	9,455958E+1
1,456250E+3	9,416557E+1
1,457812E+3	9,372128E+1
1,459375E+3	9,325303E+1
1,460937E+3	9,273516E+1
1,462500E+3	9,218445E+1
1,464062E+3	9,158827E+1
1,465625E+3	9,094813E+1
1,467187E+3	9,026610E+1
1,468750E+3	8,952591E+1
1,470312E+3	8,875780E+1
1,471875E+3	8,791513E+1
1,473437E+3	8,708498E+1
1,475000E+3	8,616703E+1
1,476562E+3	8,666381E+1
1,478125E+3	8,713371E+1
1,479687E+3	8,795429E+1
1,481250E+3	8,870399E+1
1,482812E+3	8,946864E+1
1,484375E+3	9,017139E+1
1,485937E+3	9,088252E+1
1,487500E+3	9,153980E+1
1,489062E+3	9,219694E+1
1,490625E+3	9,280785E+1
1,492187E+3	9,340929E+1
1,493750E+3	9,397176E+1
1,495312E+3	9,451981E+1
1,496875E+3	9,503532E+1
1,498437E+3	9,552948E+1
1,500000E+3	9,599703E+1
1,501562E+3	9,643777E+1
1,503125E+3	9,685722E+1
1,504687E+3	9,724494E+1
1,506250E+3	9,761610E+1
1,507812E+3	9,795093E+1
1,509375E+3	9,827334E+1
1,510937E+3	9,855535E+1
1,512500E+3	9,882850E+1
1,514062E+3	9,905658E+1
1,515625E+3	9,927882E+1
1,517187E+3	9,945489E+1
1,518750E+3	9,962745E+1
1,520312E+3	9,975038E+1
1,521875E+3	9,987158E+1
1,523437E+3	9,994013E+1
1,525000E+3	1,000081E+2
1,526562E+3	1,000233E+2
1,528125E+3	1,000384E+2
1,529687E+3	9,999991E+1
1,531250E+3	9,996125E+1
1,532812E+3	9,986778E+1
1,534375E+3	9,977330E+1
1,535937E+3	9,962649E+1
1,537500E+3	9,947715E+1
1,539062E+3	9,927566E+1
1,540625E+3	9,906938E+1
1,542187E+3	9,881316E+1
1,543750E+3	9,854915E+1
1,545312E+3	9,823967E+1
1,546875E+3	9,791876E+1
1,548437E+3	9,755468E+1
1,550000E+3	9,717467E+1
1,551562E+3	9,675612E+1
1,553125E+3	9,631637E+1
1,554687E+3	9,584417E+1
1,556250E+3	9,534482E+1
1,557812E+3	9,481876E+1
1,559375E+3	9,425877E+1
1,560937E+3	9,367965E+1
1,562500E+3	9,305915E+1
1,564062E+3	9,242671E+1
1,565625E+3	9,174457E+1
1,567187E+3	9,105983E+1
1,568750E+3	9,031644E+1
1,570312E+3	8,989762E+1
1,571875E+3	8,945757E+1
1,573437E+3	9,037553E+1
1,575000E+3	9,120568E+1
1,576562E+3	9,202724E+1
1,578125E+3	9,277777E+1
1,579687E+3	9,348876E+1
1,581250E+3	9,414593E+1
1,582812E+3	9,475613E+1
1,584375E+3	9,532627E+1
1,585937E+3	9,584530E+1
1,587500E+3	9,633506E+1
1,589062E+3	9,677069E+1
1,590625E+3	9,718552E+1
1,592187E+3	9,754449E+1
1,593750E+3	9,788920E+1
1,595312E+3	9,817565E+1
1,596875E+3	9,845296E+1
1,598437E+3	9,867082E+1
1,600000E+3	9,888334E+1
1,601562E+3	9,903487E+1
1,603125E+3	9,918379E+1
1,604687E+3	9,927128E+1
1,606250E+3	9,935789E+1
1,607812E+3	9,938208E+1
1,609375E+3	9,940620E+1
1,610937E+3	9,936884E+1
1,612500E+3	9,933132E+1
1,614062E+3	9,923415E+1
1,615625E+3	9,913588E+1
1,617187E+3	9,898218E+1
1,618750E+3	9,882571E+1
1,620312E+3	9,862680E+1
1,621875E+3	9,842322E+1
1,623437E+3	9,822256E+1
1,625000E+3	9,801715E+1
1,626562E+3	9,782822E+1
1,628125E+3	9,763509E+1
1,629687E+3	9,724171E+1
1,631250E+3	9,682968E+1
1,632812E+3	9,724550E+1
1,634375E+3	9,764233E+1
1,635937E+3	9,798083E+1
1,637500E+3	9,830663E+1
1,639062E+3	9,857264E+1
1,640625E+3	9,883075E+1
1,642187E+3	9,902919E+1
1,643750E+3	9,922320E+1
1,645312E+3	9,935636E+1
1,646875E+3	9,948750E+1
1,648437E+3	9,955444E+1
1,650000E+3	9,962087E+1
1,651562E+3	9,962555E+1
1,653125E+3	9,963023E+1
1,654687E+3	9,957336E+1
1,656250E+3	9,951611E+1
1,657812E+3	9,940118E+1
1,659375E+3	9,928470E+1
1,660937E+3	9,912141E+1
1,662500E+3	9,895498E+1
1,664062E+3	9,876220E+1
1,665625E+3	9,856505E+1
1,667187E+3	9,835436E+1
1,668750E+3	9,813843E+1
1,670312E+3	9,790859E+1
1,671875E+3	9,767250E+1
1,673437E+3	9,741870E+1
1,675000E+3	9,715726E+1
1,676562E+3	9,688501E+1
1,678125E+3	9,660395E+1
1,679687E+3	9,633968E+1
1,681250E+3	9,606711E+1
1,682812E+3	9,583135E+1
1,684375E+3	9,558900E+1
1,685937E+3	9,545138E+1
1,687500E+3	9,531153E+1
1,689062E+3	9,531759E+1
1,690625E+3	9,532365E+1
1,692187E+3	9,551438E+1
1,693750E+3	9,570102E+1
1,695312E+3	9,586489E+1
1,696875E+3	9,602572E+1
1,698437E+3	9,615503E+1
1,700000E+3	9,628244E+1
1,701562E+3	9,640176E+1
1,703125E+3	9,651946E+1
1,704687E+3	9,660543E+1
1,706250E+3	9,669056E+1
1,707812E+3	9,673214E+1
1,709375E+3	9,677353E+1
1,710937E+3	9,676479E+1
1,712500E+3	9,675605E+1
1,714062E+3	9,669474E+1
1,715625E+3	9,663300E+1
1,717187E+3	9,652161E+1
1,718750E+3	9,640878E+1
1,720312E+3	9,603999E+1
1,721875E+3	9,565484E+1
1,723437E+3	9,588469E+1
1,725000E+3	9,610861E+1
1,726562E+3	9,629207E+1
1,728125E+3	9,647174E+1
1,729687E+3	9,659780E+1
1,731250E+3	9,672205E+1
1,732812E+3	9,679367E+1
1,734375E+3	9,686471E+1
1,735937E+3	9,688080E+1
1,737500E+3	9,689685E+1
1,739062E+3	9,685472E+1
1,740625E+3	9,681238E+1
1,742187E+3	9,671262E+1
1,743750E+3	9,661171E+1
1,745312E+3	9,645605E+1
1,746875E+3	9,629755E+1
1,748437E+3	9,642266E+1
1,750000E+3	9,654600E+1
1,751562E+3	9,669070E+1
1,753125E+3	9,683302E+1
1,754687E+3	9,693752E+1
1,756250E+3	9,704078E+1
1,757812E+3	9,710723E+1
1,759375E+3	9,717319E+1
1,760937E+3	9,720435E+1
1,762500E+3	9,723539E+1
1,764062E+3	9,723301E+1
1,765625E+3	9,723063E+1
1,767187E+3	9,720017E+1
1,768750E+3	9,716959E+1
1,770312E+3	9,711850E+1
1,771875E+3	9,706711E+1
1,773437E+3	9,699190E+1
1,775000E+3	9,691603E+1
1,776562E+3	9,681864E+1
1,778125E+3	9,672016E+1
1,779687E+3	9,660834E+1
1,781250E+3	9,649507E+1
1,782812E+3	9,637341E+1
1,784375E+3	9,625001E+1
1,785937E+3	9,612207E+1
1,787500E+3	9,599221E+1
1,789062E+3	9,608245E+1
1,790625E+3	9,617177E+1
1,792187E+3	9,640308E+1
1,793750E+3	9,662839E+1
1,795312E+3	9,691918E+1
1,796875E+3	9,720054E+1
1,798437E+3	9,746635E+1
1,800000E+3	9,772427E+1
1,801562E+3	9,798349E+1
1,803125E+3	9,823520E+1
1,804687E+3	9,844379E+1
1,806250E+3	9,864750E+1
1,807812E+3	9,879641E+1
1,809375E+3	9,894281E+1
1,810937E+3	9,903900E+1
1,812500E+3	9,913414E+1
1,814062E+3	9,918212E+1
1,815625E+3	9,922983E+1
1,817187E+3	9,924093E+1
1,818750E+3	9,925202E+1
1,820312E+3	9,925002E+1
1,821875E+3	9,924801E+1
1,823437E+3	9,938125E+1
1,825000E+3	9,951248E+1
1,826562E+3	9,961272E+1
1,828125E+3	9,971182E+1
1,829687E+3	9,976446E+1
1,831250E+3	9,981678E+1
1,832812E+3	9,982808E+1
1,834375E+3	9,983937E+1
1,835937E+3	9,981291E+1
1,837500E+3	9,978637E+1
1,839062E+3	9,972816E+1
1,840625E+3	9,966955E+1
1,842187E+3	9,960168E+1
1,843750E+3	9,953327E+1
1,845312E+3	9,966070E+1
1,846875E+3	9,978628E+1
1,848437E+3	9,987491E+1
1,850000E+3	9,996264E+1
1,851562E+3	9,998712E+1
1,853125E+3	1,000115E+2
1,854687E+3	9,998716E+1
1,856250E+3	9,996272E+1
1,857812E+3	9,988628E+1
1,859375E+3	9,980916E+1
1,860937E+3	9,968112E+1
1,862500E+3	9,955116E+1
1,864062E+3	9,937354E+1
1,865625E+3	9,919221E+1
1,867187E+3	9,897427E+1
1,868750E+3	9,875072E+1
1,870312E+3	9,850122E+1
1,871875E+3	9,824433E+1
1,873437E+3	9,796862E+1
1,875000E+3	9,768387E+1
1,876562E+3	9,746406E+1
1,878125E+3	9,723855E+1
1,879687E+3	9,702318E+1
1,881250E+3	9,680234E+1
1,882812E+3	9,656913E+1
1,884375E+3	9,632948E+1
1,885937E+3	9,605528E+1
1,887500E+3	9,577214E+1
1,889062E+3	9,563962E+1
1,890625E+3	9,550504E+1
1,892187E+3	9,568070E+1
1,893750E+3	9,585287E+1
1,895312E+3	9,598753E+1
1,896875E+3	9,612013E+1
1,898437E+3	9,620434E+1
1,900000E+3	9,628774E+1
1,901562E+3	9,632004E+1
1,903125E+3	9,635223E+1
1,904687E+3	9,633279E+1
1,906250E+3	9,631332E+1
1,907812E+3	9,624428E+1
1,909375E+3	9,617469E+1
1,910937E+3	9,606591E+1
1,912500E+3	9,595576E+1
1,914062E+3	9,583846E+1
1,915625E+3	9,571957E+1
1,917187E+3	9,560099E+1
1,918750E+3	9,548077E+1
1,920312E+3	9,533721E+1
1,921875E+3	9,519123E+1
1,923437E+3	9,501118E+1
1,925000E+3	9,482731E+1
1,926562E+3	9,460782E+1
1,928125E+3	9,438263E+1
1,929687E+3	9,412171E+1
1,931250E+3	9,385271E+1
1,932812E+3	9,369636E+1
1,934375E+3	9,353714E+1
1,935937E+3	9,388423E+1
1,937500E+3	9,421799E+1
1,939062E+3	9,452004E+1
1,940625E+3	9,481194E+1
1,942187E+3	9,506204E+1
1,943750E+3	9,530514E+1
1,945312E+3	9,550314E+1
1,946875E+3	9,569672E+1
1,948437E+3	9,584496E+1
1,950000E+3	9,599072E+1
1,951562E+3	9,609099E+1
1,953125E+3	9,619012E+1
1,954687E+3	9,624559E+1
1,956250E+3	9,630070E+1
1,957812E+3	9,632121E+1
1,959375E+3	9,634167E+1
1,960937E+3	9,635781E+1
1,962500E+3	9,637391E+1
1,964062E+3	9,643858E+1
1,965625E+3	9,650278E+1
1,967187E+3	9,664048E+1
1,968750E+3	9,677603E+1
1,970312E+3	9,692904E+1
1,971875E+3	9,707940E+1
1,973437E+3	9,720052E+1
1,975000E+3	9,731997E+1
1,976562E+3	9,740110E+1
1,978125E+3	9,748149E+1
1,979687E+3	9,751943E+1
1,981250E+3	9,755721E+1
1,982812E+3	9,755026E+1
1,984375E+3	9,754331E+1
1,985937E+3	9,748940E+1
1,987500E+3	9,743514E+1
1,989062E+3	9,733352E+1
1,990625E+3	9,723069E+1
1,992187E+3	9,708566E+1
1,993750E+3	9,693816E+1
1,995312E+3	9,676612E+1
1,996875E+3	9,659060E+1
1,998437E+3	9,656637E+1
2,000000E+3	9,654208E+1
2,001562E+3	9,680043E+1
2,003125E+3	9,705132E+1
2,004687E+3	9,728207E+1
2,006250E+3	9,750685E+1
2,007812E+3	9,770415E+1
2,009375E+3	9,789708E+1
2,010937E+3	9,804940E+1
2,012500E+3	9,819911E+1
2,014062E+3	9,830339E+1
2,015625E+3	9,840644E+1
2,017187E+3	9,846692E+1
2,018750E+3	9,852698E+1
2,020312E+3	9,855892E+1
2,021875E+3	9,859073E+1
2,023437E+3	9,863331E+1
2,025000E+3	9,867569E+1
2,026562E+3	9,881601E+1
2,028125E+3	9,895411E+1
2,029687E+3	9,911403E+1
2,031250E+3	9,927106E+1
2,032812E+3	9,940809E+1
2,034375E+3	9,954298E+1
2,035937E+3	9,964973E+1
2,037500E+3	9,975518E+1
2,039062E+3	9,983960E+1
2,040625E+3	9,992321E+1
2,042187E+3	9,999259E+1
2,043750E+3	1,000614E+2
2,045312E+3	1,001082E+2
2,046875E+3	1,001548E+2
2,048437E+3	1,001680E+2
2,050000E+3	1,001812E+2
2,051562E+3	1,001556E+2
2,053125E+3	1,001299E+2
2,054687E+3	1,000674E+2
2,056250E+3	1,000043E+2
2,057812E+3	9,991110E+1
2,059375E+3	9,981684E+1
2,060937E+3	9,970538E+1
2,062500E+3	9,959246E+1
2,064062E+3	9,950857E+1
2,065625E+3	9,942385E+1
2,067187E+3	9,943446E+1
2,068750E+3	9,944506E+1
2,070312E+3	9,946683E+1
2,071875E+3	9,948854E+1
2,073437E+3	9,948947E+1
2,075000E+3	9,949039E+1
2,076562E+3	9,946598E+1
2,078125E+3	9,944150E+1
2,079687E+3	9,939149E+1
2,081250E+3	9,934119E+1
2,082812E+3	9,926353E+1
2,084375E+3	9,918517E+1
2,085937E+3	9,907659E+1
2,087500E+3	9,896663E+1
2,089062E+3	9,882761E+1
2,090625E+3	9,868633E+1
2,092187E+3	9,851342E+1
2,093750E+3	9,833700E+1
2,095312E+3	9,812859E+1
2,096875E+3	9,791505E+1
2,098437E+3	9,766775E+1
2,100000E+3	9,741320E+1
2,101562E+3	9,769091E+1
2,103125E+3	9,796002E+1
2,104687E+3	9,812561E+1
2,106250E+3	9,828812E+1
2,107812E+3	9,846995E+1
2,109375E+3	9,864806E+1
2,110937E+3	9,877847E+1
2,112500E+3	9,890695E+1
2,114062E+3	9,898661E+1
2,115625E+3	9,906555E+1
2,117187E+3	9,909619E+1
2,118750E+3	9,912673E+1
2,120312E+3	9,911343E+1
2,121875E+3	9,910011E+1
2,123437E+3	9,905207E+1
2,125000E+3	9,900375E+1
2,126562E+3	9,907875E+1
2,128125E+3	9,915310E+1
2,129687E+3	9,916623E+1
2,131250E+3	9,917933E+1
2,132812E+3	9,923214E+1
2,134375E+3	9,928462E+1
2,135937E+3	9,929153E+1
2,137500E+3	9,929844E+1
2,139062E+3	9,923794E+1
2,140625E+3	9,917702E+1
2,142187E+3	9,902524E+1
2,143750E+3	9,887076E+1
2,145312E+3	9,849983E+1
2,146875E+3	9,811235E+1
2,148437E+3	9,841167E+1
2,150000E+3	9,870102E+1
2,151562E+3	9,894107E+1
2,153125E+3	9,917467E+1
2,154687E+3	9,935337E+1
2,156250E+3	9,952846E+1
2,157812E+3	9,965347E+1
2,159375E+3	9,977670E+1
2,160937E+3	9,984515E+1
2,162500E+3	9,991308E+1
2,164062E+3	9,992372E+1
2,165625E+3	9,993434E+1
2,167187E+3	9,987728E+1
2,168750E+3	9,981984E+1
2,170312E+3	9,971139E+1
2,171875E+3	9,960157E+1
2,173437E+3	9,945649E+1
2,175000E+3	9,930895E+1
2,176562E+3	9,918312E+1
2,178125E+3	9,905543E+1
2,179687E+3	9,849185E+1
2,181250E+3	9,788915E+1
2,182812E+3	9,827173E+1
2,184375E+3	9,863816E+1
2,185937E+3	9,892953E+1
2,187500E+3	9,921145E+1
2,189062E+3	9,941912E+1
2,190625E+3	9,962195E+1
2,192187E+3	9,974733E+1
2,193750E+3	9,987092E+1
2,195312E+3	9,935850E+1
2,196875E+3	9,881394E+1
2,198437E+3	9,922330E+1
2,200000E+3	9,961423E+1
2,201562E+3	9,994884E+1
2,203125E+3	1,002710E+2
2,204687E+3	1,005283E+2
2,206250E+3	1,007782E+2
2,207812E+3	1,009657E+2
2,209375E+3	1,011492E+2
2,210937E+3	1,012652E+2
2,212500E+3	1,013798E+2
2,214062E+3	1,014305E+2
2,215625E+3	1,014810E+2
2,217187E+3	1,014665E+2
2,218750E+3	1,014520E+2
2,220312E+3	1,013750E+2
2,221875E+3	1,012972E+2
2,223437E+3	1,011561E+2
2,225000E+3	1,010126E+2
2,226562E+3	9,964716E+1
2,228125E+3	9,802630E+1
2,229687E+3	9,839209E+1
2,231250E+3	9,874310E+1
2,232812E+3	9,901987E+1
2,234375E+3	9,928810E+1
2,235937E+3	9,948830E+1
2,237500E+3	9,968398E+1
2,239062E+3	9,980341E+1
2,240625E+3	9,992123E+1
2,242187E+3	9,997257E+1
2,243750E+3	1,000236E+2
2,245312E+3	9,795325E+1
2,246875E+3	9,522963E+1
2,248437E+3	9,572986E+1
2,250000E+3	9,620284E+1
2,251562E+3	9,662979E+1
2,253125E+3	9,703673E+1
2,254687E+3	9,740173E+1
2,256250E+3	9,775201E+1
2,257812E+3	9,808062E+1
2,259375E+3	9,839726E+1
2,260937E+3	9,866870E+1
2,262500E+3	9,893192E+1
2,264062E+3	9,913740E+1
2,265625E+3	9,933812E+1
2,267187E+3	9,948298E+1
2,268750E+3	9,962545E+1
2,270312E+3	9,971194E+1
2,271875E+3	9,979757E+1
2,273437E+3	9,984162E+1
2,275000E+3	9,988544E+1
2,276562E+3	9,990846E+1
2,278125E+3	9,993141E+1
2,279687E+3	9,994951E+1
2,281250E+3	9,996758E+1
2,282812E+3	1,000112E+2
2,284375E+3	1,000546E+2
2,285937E+3	1,001059E+2
2,287500E+3	1,001570E+2
2,289062E+3	1,001867E+2
2,290625E+3	1,002163E+2
2,292187E+3	1,002105E+2
2,293750E+3	1,002047E+2
2,295312E+3	1,001589E+2
2,296875E+3	1,001128E+2
2,298437E+3	1,000284E+2
2,300000E+3	9,994318E+1
2,301562E+3	9,983265E+1
2,303125E+3	9,972070E+1
2,304687E+3	9,963436E+1
2,306250E+3	9,954716E+1
2,307812E+3	9,954791E+1
2,309375E+3	9,954866E+1
2,310937E+3	9,950222E+1
2,312500E+3	9,945553E+1
2,314062E+3	9,930979E+1
2,315625E+3	9,916157E+1
2,317187E+3	9,892861E+1
2,318750E+3	9,868922E+1
2,320312E+3	9,838305E+1
2,321875E+3	9,806569E+1
2,323437E+3	9,934197E+1
2,325000E+3	1,004545E+2
2,326562E+3	1,015936E+2
2,328125E+3	1,026005E+2
2,329687E+3	1,025000E+2
2,331250E+3	1,023983E+2
2,332812E+3	1,022342E+2
2,334375E+3	1,020669E+2
2,335937E+3	1,018407E+2
2,337500E+3	1,016084E+2
2,339062E+3	1,013188E+2
2,340625E+3	1,010192E+2
2,342187E+3	1,006589E+2
2,343750E+3	1,002830E+2
2,345312E+3	9,984806E+1
2,346875E+3	9,939018E+1
2,348437E+3	9,887549E+1
2,350000E+3	9,832836E+1
2,351562E+3	9,772837E+1
2,353125E+3	9,708385E+1
2,354687E+3	9,760729E+1
2,356250E+3	9,810097E+1
2,357812E+3	9,872570E+1
2,359375E+3	9,930849E+1
2,360937E+3	9,934581E+1
2,362500E+3	9,938296E+1
2,364062E+3	9,936060E+1
2,365625E+3	9,933819E+1
2,367187E+3	9,925760E+1
2,368750E+3	9,917626E+1
2,370312E+3	9,905012E+1
2,371875E+3	9,892213E+1
2,373437E+3	9,881430E+1
2,375000E+3	9,870511E+1
2,376562E+3	9,885388E+1
2,378125E+3	9,900015E+1
2,379687E+3	9,912964E+1
2,381250E+3	9,925724E+1
2,382812E+3	9,926846E+1
2,384375E+3	9,927967E+1
2,385937E+3	9,923601E+1
2,387500E+3	9,919213E+1
2,389062E+3	9,910500E+1
2,390625E+3	9,901699E+1
2,392187E+3	9,888437E+1
2,393750E+3	9,874969E+1
2,395312E+3	9,860347E+1
2,396875E+3	9,845474E+1
2,398437E+3	9,893068E+1
2,400000E+3	9,938189E+1
2,401562E+3	9,952321E+1
2,403125E+3	9,966226E+1
2,404687E+3	9,974231E+1
2,406250E+3	9,982163E+1
2,407812E+3	9,984269E+1
2,409375E+3	9,986369E+1
2,410937E+3	9,982813E+1
2,412500E+3	9,979243E+1
2,414062E+3	9,969717E+1
2,415625E+3	9,960085E+1
2,417187E+3	9,944399E+1
2,418750E+3	9,928424E+1
2,420312E+3	9,906940E+1
2,421875E+3	9,884911E+1
2,423437E+3	9,903175E+1
2,425000E+3	9,921062E+1
2,426562E+3	9,919917E+1
2,428125E+3	9,918770E+1
2,429687E+3	9,911379E+1
2,431250E+3	9,903926E+1
2,432812E+3	9,890686E+1
2,434375E+3	9,877241E+1
2,435937E+3	9,858086E+1
2,437500E+3	9,838500E+1
2,439062E+3	9,813191E+1
2,440625E+3	9,787122E+1
2,442187E+3	9,755749E+1
2,443750E+3	9,723201E+1
2,445312E+3	9,685266E+1
2,446875E+3	9,645599E+1
2,448437E+3	9,602022E+1
2,450000E+3	9,556142E+1
2,451562E+3	9,684108E+1
2,453125E+3	9,795619E+1
2,454687E+3	9,817637E+1
2,456250E+3	9,839111E+1
2,457812E+3	9,854821E+1
2,459375E+3	9,870252E+1
2,460937E+3	9,880066E+1
2,462500E+3	9,889770E+1
2,464062E+3	9,893822E+1
2,465625E+3	9,897856E+1
2,467187E+3	9,897880E+1
2,468750E+3	9,897904E+1
2,470312E+3	9,900628E+1
2,471875E+3	9,903343E+1
2,473437E+3	9,922313E+1
2,475000E+3	9,940877E+1
2,476562E+3	9,944336E+1
2,478125E+3	9,947781E+1
2,479687E+3	9,944829E+1
2,481250E+3	9,941867E+1
2,482812E+3	9,933220E+1
2,484375E+3	9,924486E+1
2,485937E+3	9,910010E+1
2,487500E+3	9,895288E+1
2,489062E+3	9,874951E+1
2,490625E+3	9,854127E+1
2,492187E+3	9,884763E+1
2,493750E+3	9,914356E+1
2,495312E+3	9,920995E+1
2,496875E+3	9,927583E+1
2,498437E+3	9,928929E+1
2,500000E+3	9,930273E+1
2,501562E+3	9,926650E+1
2,503125E+3	9,923011E+1
2,504687E+3	9,915020E+1
2,506250E+3	9,906955E+1
2,507812E+3	9,895555E+1
2,509375E+3	9,884005E+1
2,510937E+3	9,871838E+1
2,512500E+3	9,859499E+1
2,514062E+3	9,846555E+1
2,515625E+3	9,833414E+1
2,517187E+3	9,817516E+1
2,518750E+3	9,801321E+1
2,520312E+3	9,737954E+1
2,521875E+3	9,669597E+1
2,523437E+3	9,703032E+1
2,525000E+3	9,735227E+1
2,526562E+3	9,761713E+1
2,528125E+3	9,787416E+1
2,529687E+3	9,807504E+1
2,531250E+3	9,827138E+1
2,532812E+3	9,840967E+1
2,534375E+3	9,854580E+1
2,535937E+3	9,862632E+1
2,537500E+3	9,870610E+1
2,539062E+3	9,872665E+1
2,540625E+3	9,874715E+1
2,542187E+3	9,870675E+1
2,543750E+3	9,866615E+1
2,545312E+3	9,856239E+1
2,546875E+3	9,845737E+1
2,548437E+3	9,827151E+1
2,550000E+3	9,808159E+1
2,551562E+3	9,773174E+1
2,553125E+3	9,736720E+1
2,554687E+3	9,746054E+1
2,556250E+3	9,755288E+1
2,557812E+3	9,776135E+1
2,559375E+3	9,796495E+1
2,560937E+3	9,812784E+1
2,562500E+3	9,828773E+1
2,564062E+3	9,839966E+1
2,565625E+3	9,851017E+1
2,567187E+3	9,857156E+1
2,568750E+3	9,863251E+1
2,570312E+3	9,854898E+1
2,571875E+3	9,846463E+1
2,573437E+3	9,869373E+1
2,575000E+3	9,891694E+1
2,576562E+3	9,913751E+1
2,578125E+3	9,935261E+1
2,579687E+3	9,951986E+1
2,581250E+3	9,968395E+1
2,582812E+3	9,979814E+1
2,584375E+3	9,991086E+1
2,585937E+3	9,997763E+1
2,587500E+3	1,000439E+2
2,589062E+3	1,000641E+2
2,590625E+3	1,000844E+2
2,592187E+3	1,000629E+2
2,593750E+3	1,000414E+2
2,595312E+3	9,998393E+1
2,596875E+3	9,992611E+1
2,598437E+3	9,983963E+1
2,600000E+3	9,975229E+1
2,601562E+3	9,963955E+1
2,603125E+3	9,952533E+1
2,604687E+3	9,940181E+1
2,606250E+3	9,927651E+1
2,607812E+3	9,915324E+1
2,609375E+3	9,902819E+1
2,610937E+3	9,896048E+1
2,612500E+3	9,889225E+1
2,614062E+3	9,886577E+1
2,615625E+3	9,883922E+1
2,617187E+3	9,879054E+1
2,618750E+3	9,874159E+1
2,620312E+3	9,844912E+1
2,621875E+3	9,814646E+1
2,623437E+3	9,834968E+1
2,625000E+3	9,854826E+1
2,626562E+3	9,869406E+1
2,628125E+3	9,883745E+1
2,629687E+3	9,892754E+1
2,631250E+3	9,901671E+1
2,632812E+3	9,905309E+1
2,634375E+3	9,908932E+1
2,635937E+3	9,907054E+1
2,637500E+3	9,905171E+1
2,639062E+3	9,898065E+1
2,640625E+3	9,890899E+1
2,642187E+3	9,892426E+1
2,643750E+3	9,893951E+1
2,645312E+3	9,895008E+1
2,646875E+3	9,896063E+1
2,648437E+3	9,894414E+1
2,650000E+3	9,892762E+1
2,651562E+3	9,891680E+1
2,653125E+3	9,890597E+1
2,654687E+3	9,892812E+1
2,656250E+3	9,895022E+1
2,657812E+3	9,897873E+1
2,659375E+3	9,900715E+1
2,660937E+3	9,904765E+1
2,662500E+3	9,908796E+1
2,664062E+3	9,914869E+1
2,665625E+3	9,920899E+1
2,667187E+3	9,926455E+1
2,668750E+3	9,931976E+1
2,670312E+3	9,934745E+1
2,671875E+3	9,937505E+1
2,673437E+3	9,937159E+1
2,675000E+3	9,936813E+1
2,676562E+3	9,933974E+1
2,678125E+3	9,931126E+1
2,679687E+3	9,933114E+1
2,681250E+3	9,935098E+1
2,682812E+3	9,939538E+1
2,684375E+3	9,943956E+1
2,685937E+3	9,947541E+1
2,687500E+3	9,951112E+1
2,689062E+3	9,952731E+1
2,690625E+3	9,954346E+1
2,692187E+3	9,953362E+1
2,693750E+3	9,952377E+1
2,695312E+3	9,949384E+1
2,696875E+3	9,946381E+1
2,698437E+3	9,941901E+1
2,700000E+3	9,937396E+1
2,701562E+3	9,931417E+1
2,703125E+3	9,925395E+1
2,704687E+3	9,918663E+1
2,706250E+3	9,911878E+1
2,707812E+3	9,872238E+1
2,709375E+3	9,830701E+1
2,710937E+3	9,856885E+1
2,712500E+3	9,882302E+1
2,714062E+3	9,900474E+1
2,715625E+3	9,918274E+1
2,717187E+3	9,867222E+1
2,718750E+3	9,812980E+1
2,720312E+3	9,859226E+1
2,721875E+3	9,903133E+1
2,723437E+3	9,941055E+1
2,725000E+3	9,977390E+1
2,726562E+3	1,000658E+2
2,728125E+3	1,003482E+2
2,729687E+3	1,005700E+2
2,731250E+3	1,007864E+2
2,732812E+3	1,009275E+2
2,734375E+3	1,010664E+2
2,735937E+3	1,011255E+2
2,737500E+3	1,011843E+2
2,739062E+3	1,010367E+2
2,740625E+3	1,008866E+2
2,742187E+3	1,006509E+2
2,743750E+3	1,004087E+2
2,745312E+3	1,004160E+2
2,746875E+3	1,004234E+2
2,748437E+3	1,003246E+2
2,750000E+3	1,002248E+2
2,751562E+3	9,997557E+1
2,753125E+3	9,971904E+1
2,754687E+3	9,964888E+1
2,756250E+3	9,957816E+1
2,757812E+3	9,931837E+1
2,759375E+3	9,905058E+1
2,760937E+3	9,887339E+1
2,762500E+3	9,869252E+1
2,764062E+3	9,874285E+1
2,765625E+3	9,879289E+1
2,767187E+3	9,890275E+1
2,768750E+3	9,901124E+1
2,770312E+3	9,908674E+1
2,771875E+3	9,916160E+1
2,773437E+3	9,919190E+1
2,775000E+3	9,922210E+1
2,776562E+3	9,927517E+1
2,778125E+3	9,932793E+1
2,779687E+3	9,939442E+1
2,781250E+3	9,946041E+1
2,782812E+3	9,949961E+1
2,784375E+3	9,953864E+1
2,785937E+3	9,950007E+1
2,787500E+3	9,946133E+1
2,789062E+3	9,927730E+1
2,790625E+3	9,908928E+1
2,792187E+3	9,874888E+1
2,793750E+3	9,839459E+1
2,795312E+3	9,816819E+1
2,796875E+3	9,793573E+1
2,798437E+3	9,772351E+1
2,800000E+3	9,750597E+1
2,801562E+3	9,720003E+1
2,803125E+3	9,688292E+1
2,804687E+3	9,700112E+1
2,806250E+3	9,711775E+1
2,807812E+3	9,743925E+1
2,809375E+3	9,774929E+1
2,810937E+3	9,804467E+1
2,812500E+3	9,833034E+1
2,814062E+3	9,858349E+1
2,815625E+3	9,882946E+1
2,817187E+3	9,904323E+1
2,818750E+3	9,925186E+1
2,820312E+3	9,942526E+1
2,821875E+3	9,959526E+1
2,823437E+3	9,973140E+1
2,825000E+3	9,986544E+1
2,826562E+3	9,997157E+1
2,828125E+3	1,000764E+2
2,829687E+3	1,001572E+2
2,831250E+3	1,002373E+2
2,832812E+3	1,002876E+2
2,834375E+3	1,003375E+2
2,835937E+3	1,003447E+2
2,837500E+3	1,003519E+2
2,839062E+3	1,003053E+2
2,840625E+3	1,002585E+2
2,842187E+3	1,001556E+2
2,843750E+3	1,000514E+2
2,845312E+3	9,989448E+1
2,846875E+3	9,973465E+1
2,848437E+3	9,951931E+1
2,850000E+3	9,929849E+1
2,851562E+3	9,902770E+1
2,853125E+3	9,874819E+1
2,854687E+3	9,841498E+1
2,856250E+3	9,806847E+1
2,857812E+3	9,767910E+1
2,859375E+3	9,727145E+1
2,860937E+3	9,776336E+1
2,862500E+3	9,822891E+1
2,864062E+3	9,843486E+1
2,865625E+3	9,863603E+1
2,867187E+3	9,895999E+1
2,868750E+3	9,927230E+1
2,870312E+3	9,949082E+1
2,871875E+3	9,970398E+1
2,873437E+3	9,979466E+1
2,875000E+3	9,988441E+1
2,876562E+3	9,990888E+1
2,878125E+3	9,993328E+1
2,879687E+3	9,991660E+1
2,881250E+3	9,989989E+1
2,882812E+3	9,986009E+1
2,884375E+3	9,982010E+1
2,885937E+3	9,980449E+1
2,887500E+3	9,978884E+1
2,889062E+3	9,985365E+1
2,890625E+3	9,991798E+1
2,892187E+3	1,000654E+2
2,893750E+3	1,002103E+2
2,895312E+3	1,003089E+2
2,896875E+3	1,004063E+2
2,898437E+3	1,004018E+2
2,900000E+3	1,003972E+2
2,901562E+3	1,003236E+2
2,903125E+3	1,002494E+2
2,904687E+3	1,001485E+2
2,906250E+3	1,000465E+2
2,907812E+3	9,998376E+1
2,909375E+3	9,992059E+1
2,910937E+3	9,995905E+1
2,912500E+3	9,999734E+1
2,914062E+3	9,996616E+1
2,915625E+3	9,993487E+1
2,917187E+3	9,984979E+1
2,918750E+3	9,976388E+1
2,920312E+3	9,970515E+1
2,921875E+3	9,964603E+1
2,923437E+3	9,973456E+1
2,925000E+3	9,982220E+1
2,926562E+3	9,991707E+1
2,928125E+3	1,000109E+2
2,929687E+3	9,995037E+1
2,931250E+3	9,988939E+1
2,932812E+3	9,972164E+1
2,934375E+3	9,955058E+1
2,935937E+3	9,931668E+1
2,937500E+3	9,907630E+1
2,939062E+3	9,878188E+1
2,940625E+3	9,847714E+1
2,942187E+3	9,811870E+1
2,943750E+3	9,774484E+1
2,945312E+3	9,732331E+1
2,946875E+3	9,688028E+1
2,948437E+3	9,850151E+1
2,950000E+3	9,986721E+1
2,951562E+3	9,995775E+1
2,953125E+3	1,000474E+2
2,954687E+3	1,000735E+2
2,956250E+3	1,000995E+2
2,957812E+3	1,000770E+2
2,959375E+3	1,000544E+2
2,960937E+3	1,000331E+2
2,962500E+3	1,000117E+2
2,964062E+3	9,993631E+1
2,965625E+3	9,986025E+1
2,967187E+3	9,971338E+1
2,968750E+3	9,956399E+1
2,970312E+3	9,935744E+1
2,971875E+3	9,914586E+1
2,973437E+3	9,888734E+1
2,975000E+3	9,862090E+1
2,976562E+3	9,830232E+1
2,978125E+3	9,797160E+1
2,979687E+3	9,759684E+1
2,981250E+3	9,720517E+1
2,982812E+3	9,820972E+1
2,984375E+3	9,911003E+1
2,985937E+3	9,929867E+1
2,987500E+3	9,948329E+1
2,989062E+3	9,961207E+1
2,990625E+3	9,973898E+1
2,992187E+3	9,980826E+1
2,993750E+3	9,987699E+1
2,995312E+3	9,988605E+1
2,996875E+3	9,989510E+1
2,998437E+3	9,984316E+1
3,000000E+3	9,979090E+1
3,001562E+3	9,968404E+1
3,003125E+3	9,957584E+1
3,004687E+3	9,963002E+1
3,006250E+3	9,968388E+1
3,007812E+3	9,971527E+1
3,009375E+3	9,974655E+1
3,010937E+3	9,975693E+1
3,012500E+3	9,976729E+1
3,014062E+3	9,975818E+1
3,015625E+3	9,974907E+1
3,017187E+3	9,972326E+1
3,018750E+3	9,969738E+1
3,020312E+3	9,965727E+1
3,021875E+3	9,961698E+1
3,023437E+3	9,957694E+1
3,025000E+3	9,953671E+1
3,026562E+3	9,949665E+1
3,028125E+3	9,945640E+1
3,029687E+3	9,941030E+1
3,031250E+3	9,936396E+1
3,032812E+3	9,930512E+1
3,034375E+3	9,924588E+1
3,035937E+3	9,917425E+1
3,037500E+3	9,910201E+1
3,039062E+3	9,902144E+1
3,040625E+3	9,894010E+1
3,042187E+3	9,886187E+1
3,043750E+3	9,878292E+1
3,045312E+3	9,874440E+1
3,046875E+3	9,870570E+1
3,048437E+3	9,872750E+1
3,050000E+3	9,874925E+1
3,051562E+3	9,875939E+1
3,053125E+3	9,876952E+1
3,054687E+3	9,875803E+1
3,056250E+3	9,874654E+1
3,057812E+3	9,873192E+1
3,059375E+3	9,871729E+1
3,060937E+3	9,878847E+1
3,062500E+3	9,885907E+1
3,064062E+3	9,896599E+1
3,065625E+3	9,907162E+1
3,067187E+3	9,914468E+1
3,068750E+3	9,921713E+1
3,070312E+3	9,925456E+1
3,071875E+3	9,929183E+1
3,073437E+3	9,929659E+1
3,075000E+3	9,930135E+1
3,076562E+3	9,928051E+1
3,078125E+3	9,925963E+1
3,079687E+3	9,923744E+1
3,081250E+3	9,921519E+1
3,082812E+3	9,921129E+1
3,084375E+3	9,920739E+1
3,085937E+3	9,921432E+1
3,087500E+3	9,922125E+1
3,089062E+3	9,922448E+1
3,090625E+3	9,922770E+1
3,092187E+3	9,924317E+1
3,093750E+3	9,925862E+1
3,095312E+3	9,930139E+1
3,096875E+3	9,934395E+1
3,098437E+3	9,937276E+1
3,100000E+3	9,940148E+1
3,101562E+3	9,939971E+1
3,103125E+3	9,939795E+1
3,104687E+3	9,936686E+1
3,106250E+3	9,933565E+1
3,107812E+3	9,929191E+1
3,109375E+3	9,924794E+1
3,110937E+3	9,923354E+1
3,112500E+3	9,921911E+1
3,114062E+3	9,924717E+1
3,115625E+3	9,927515E+1
3,117187E+3	9,933234E+1
3,118750E+3	9,938916E+1
3,120312E+3	9,945494E+1
3,121875E+3	9,952023E+1
3,123437E+3	9,958423E+1
3,125000E+3	9,964776E+1
3,126562E+3	9,965792E+1
3,128125E+3	9,966807E+1
3,129687E+3	9,972542E+1
3,131250E+3	9,978239E+1
3,132812E+3	9,985638E+1
3,134375E+3	9,992974E+1
3,135937E+3	9,996089E+1
3,137500E+3	9,999194E+1
3,139062E+3	9,997315E+1
3,140625E+3	9,995432E+1
3,142187E+3	9,988043E+1
3,143750E+3	9,980591E+1
3,145312E+3	9,965212E+1
3,146875E+3	9,949556E+1
3,148437E+3	9,930733E+1
3,150000E+3	9,911493E+1
3,151562E+3	9,906211E+1
3,153125E+3	9,900898E+1
3,154687E+3	9,896308E+1
3,156250E+3	9,891695E+1
3,157812E+3	9,883901E+1
3,159375E+3	9,876036E+1
3,160937E+3	9,864670E+1
3,162500E+3	9,853153E+1
3,164062E+3	9,837535E+1
3,165625E+3	9,821631E+1
3,167187E+3	9,777399E+1
3,168750E+3	9,730793E+1
3,170312E+3	9,732845E+1
3,171875E+3	9,734891E+1
3,173437E+3	9,740328E+1
3,175000E+3	9,745731E+1
3,176562E+3	9,746614E+1
3,178125E+3	9,747496E+1
3,179687E+3	9,767970E+1
3,181250E+3	9,787973E+1
3,182812E+3	9,806341E+1
3,184375E+3	9,824329E+1
3,185937E+3	9,837739E+1
3,187500E+3	9,850945E+1
3,189062E+3	9,859502E+1
3,190625E+3	9,867976E+1
3,192187E+3	9,871901E+1
3,193750E+3	9,875809E+1
3,195312E+3	9,876200E+1
3,196875E+3	9,876591E+1
3,198437E+3	9,887494E+1
3,200000E+3	9,898261E+1
3,201562E+3	9,911874E+1
3,203125E+3	9,925277E+1
3,204687E+3	9,933905E+1
3,206250E+3	9,942447E+1
3,207812E+3	9,946084E+1
3,209375E+3	9,949706E+1
3,210937E+3	9,948547E+1
3,212500E+3	9,947387E+1
3,214062E+3	9,941743E+1
3,215625E+3	9,936063E+1
3,217187E+3	9,926979E+1
3,218750E+3	9,917799E+1
3,220312E+3	9,907955E+1
3,221875E+3	9,897998E+1
3,223437E+3	9,888179E+1
3,225000E+3	9,878249E+1
3,226562E+3	9,873704E+1
3,228125E+3	9,869135E+1
3,229687E+3	9,870163E+1
3,231250E+3	9,871189E+1
3,232812E+3	9,871373E+1
3,234375E+3	9,871556E+1
3,235937E+3	9,870456E+1
3,237500E+3	9,869354E+1
3,239062E+3	9,869113E+1
3,240625E+3	9,868873E+1
3,242187E+3	9,871780E+1
3,243750E+3	9,874678E+1
3,245312E+3	9,877193E+1
3,246875E+3	9,879700E+1
3,248437E+3	9,879966E+1
3,250000E+3	9,880232E+1
3,251562E+3	9,878556E+1
3,253125E+3	9,876877E+1
3,254687E+3	9,875443E+1
3,256250E+3	9,874007E+1
3,257812E+3	9,877861E+1
3,259375E+3	9,881699E+1
3,260937E+3	9,890587E+1
3,262500E+3	9,899384E+1
3,264062E+3	9,910321E+1
3,265625E+3	9,921122E+1
3,267187E+3	9,932779E+1
3,268750E+3	9,944283E+1
3,270312E+3	9,957485E+1
3,271875E+3	9,970490E+1
3,273437E+3	9,982899E+1
3,275000E+3	9,995133E+1
3,276562E+3	1,000391E+2
3,278125E+3	1,001259E+2
3,279687E+3	1,001700E+2
3,281250E+3	1,002139E+2
3,282812E+3	1,002143E+2
3,284375E+3	1,002146E+2
3,285937E+3	1,001750E+2
3,287500E+3	1,001351E+2
3,289062E+3	1,000711E+2
3,290625E+3	1,000066E+2
3,292187E+3	1,000368E+2
3,293750E+3	1,000667E+2
3,295312E+3	1,001262E+2
3,296875E+3	1,001852E+2
3,298437E+3	1,001888E+2
3,300000E+3	1,001924E+2
3,301562E+3	1,001546E+2
3,303125E+3	1,001166E+2
3,304687E+3	1,000486E+2
3,306250E+3	9,998002E+1
3,307812E+3	9,994092E+1
3,309375E+3	9,990164E+1
3,310937E+3	9,999561E+1
3,312500E+3	1,000886E+2
3,314062E+3	1,001140E+2
3,315625E+3	1,001394E+2
3,317187E+3	1,001384E+2
3,318750E+3	1,001375E+2
3,320312E+3	1,001262E+2
3,321875E+3	1,001149E+2
3,323437E+3	1,000839E+2
3,325000E+3	1,000529E+2
3,326562E+3	9,997619E+1
3,328125E+3	9,989884E+1
3,329687E+3	9,976910E+1
3,331250E+3	9,963739E+1
3,332812E+3	9,945100E+1
3,334375E+3	9,926051E+1
3,335937E+3	9,901422E+1
3,337500E+3	9,876074E+1
3,339062E+3	9,845344E+1
3,340625E+3	9,813486E+1
3,342187E+3	9,854817E+1
3,343750E+3	9,894270E+1
3,345312E+3	9,910084E+1
3,346875E+3	9,925615E+1
3,348437E+3	9,935739E+1
3,350000E+3	9,945747E+1
3,351562E+3	9,950322E+1
3,353125E+3	9,954873E+1
3,354687E+3	9,954287E+1
3,356250E+3	9,953700E+1
3,357812E+3	9,948165E+1
3,359375E+3	9,942594E+1
3,360937E+3	9,933712E+1
3,362500E+3	9,924738E+1
3,364062E+3	9,928199E+1
3,365625E+3	9,931646E+1
3,367187E+3	9,924627E+1
3,368750E+3	9,917550E+1
3,370312E+3	9,907910E+1
3,371875E+3	9,898162E+1
3,373437E+3	9,903402E+1
3,375000E+3	9,908612E+1
3,376562E+3	9,912530E+1
3,378125E+3	9,916430E+1
3,379687E+3	9,917439E+1
3,381250E+3	9,918447E+1
3,382812E+3	9,915642E+1
3,384375E+3	9,912827E+1
3,385937E+3	9,907699E+1
3,387500E+3	9,902541E+1
3,389062E+3	9,899260E+1
3,390625E+3	9,895967E+1
3,392187E+3	9,900646E+1
3,393750E+3	9,905300E+1
3,395312E+3	9,913253E+1
3,396875E+3	9,921135E+1
3,398437E+3	9,931258E+1
3,400000E+3	9,941264E+1
3,401562E+3	9,950363E+1
3,403125E+3	9,959368E+1
3,404687E+3	9,966368E+1
3,406250E+3	9,973312E+1
3,407812E+3	9,978021E+1
3,409375E+3	9,982704E+1
3,410937E+3	9,989112E+1
3,412500E+3	9,995473E+1
3,414062E+3	1,000463E+2
3,415625E+3	1,001368E+2
3,417187E+3	1,002062E+2
3,418750E+3	1,002751E+2
3,420312E+3	1,002973E+2
3,421875E+3	1,003195E+2
3,423437E+3	1,002911E+2
3,425000E+3	1,002627E+2
3,426562E+3	1,001799E+2
3,428125E+3	1,000963E+2
3,429687E+3	9,970467E+1
3,431250E+3	9,929450E+1
3,432812E+3	9,941350E+1
3,434375E+3	9,953090E+1
3,435937E+3	9,963866E+1
3,437500E+3	9,974510E+1
3,439062E+3	9,982769E+1
3,440625E+3	9,990951E+1
3,442187E+3	9,996300E+1
3,443750E+3	1,000162E+2
3,445312E+3	1,000407E+2
3,446875E+3	1,000651E+2
3,448437E+3	1,000593E+2
3,450000E+3	1,000534E+2
3,451562E+3	1,000446E+2
3,453125E+3	1,000358E+2
3,454687E+3	1,000522E+2
3,456250E+3	1,000686E+2
3,457812E+3	1,000711E+2
3,459375E+3	1,000737E+2
3,460937E+3	1,000731E+2
3,462500E+3	1,000726E+2
3,464062E+3	1,000710E+2
3,465625E+3	1,000694E+2
3,467187E+3	1,000396E+2
3,468750E+3	1,000096E+2
3,470312E+3	9,986272E+1
3,471875E+3	9,971334E+1
3,473437E+3	9,976829E+1
3,475000E+3	9,982289E+1
3,476562E+3	9,988399E+1
3,478125E+3	9,994467E+1
3,479687E+3	9,996929E+1
3,481250E+3	9,999385E+1
3,482812E+3	9,993668E+1
3,484375E+3	9,987914E+1
3,485937E+3	9,993160E+1
3,487500E+3	9,998375E+1
3,489062E+3	1,000359E+2
3,490625E+3	1,000878E+2
3,492187E+3	1,001010E+2
3,493750E+3	1,001142E+2
3,495312E+3	1,000795E+2
3,496875E+3	1,000446E+2
3,498437E+3	9,996138E+1
3,500000E+3	9,987736E+1
3,501562E+3	9,974044E+1
3,503125E+3	9,960134E+1
3,504687E+3	9,932434E+1
3,506250E+3	9,903822E+1
3,507812E+3	9,923258E+1
3,509375E+3	9,942269E+1
3,510937E+3	9,955493E+1
3,512500E+3	9,968519E+1
3,514062E+3	9,975422E+1
3,515625E+3	9,982271E+1
3,517187E+3	9,983538E+1
3,518750E+3	9,984804E+1
3,520312E+3	9,964721E+1
3,521875E+3	9,944162E+1
3,523437E+3	9,951993E+1
3,525000E+3	9,959754E+1
3,526562E+3	9,963214E+1
3,528125E+3	9,966660E+1
3,529687E+3	9,964974E+1
3,531250E+3	9,963285E+1
3,532812E+3	9,852841E+1
3,534375E+3	9,726279E+1
3,535937E+3	9,766300E+1
3,537500E+3	9,804558E+1
3,539062E+3	9,837193E+1
3,540625E+3	9,868646E+1
3,542187E+3	9,894028E+1
3,543750E+3	9,918690E+1
3,545312E+3	9,936521E+1
3,546875E+3	9,953993E+1
3,548437E+3	9,965376E+1
3,550000E+3	9,976611E+1
3,551562E+3	9,980305E+1
3,553125E+3	9,983983E+1
3,554687E+3	9,977257E+1
3,556250E+3	9,970479E+1
3,557812E+3	9,956962E+1
3,559375E+3	9,943233E+1
3,560937E+3	9,937884E+1
3,562500E+3	9,932502E+1
3,564062E+3	9,931821E+1
3,565625E+3	9,931140E+1
3,567187E+3	9,930133E+1
3,568750E+3	9,929124E+1
3,570312E+3	9,927512E+1
3,571875E+3	9,925897E+1
3,573437E+3	9,924402E+1
3,575000E+3	9,922903E+1
3,576562E+3	9,923721E+1
3,578125E+3	9,924538E+1
3,579687E+3	9,927220E+1
3,581250E+3	9,929894E+1
3,582812E+3	9,933155E+1
3,584375E+3	9,936403E+1
3,585937E+3	9,939021E+1
3,587500E+3	9,941631E+1
3,589062E+3	9,943451E+1
3,590625E+3	9,945267E+1
3,592187E+3	9,946677E+1
3,593750E+3	9,948086E+1
3,595312E+3	9,949322E+1
3,596875E+3	9,950555E+1
3,598437E+3	9,951684E+1
3,600000E+3	9,952810E+1
3,601562E+3	9,954275E+1
3,603125E+3	9,955736E+1
3,604687E+3	9,957117E+1
3,606250E+3	9,958495E+1
3,607812E+3	9,961474E+1
3,609375E+3	9,964443E+1
3,610937E+3	9,969458E+1
3,612500E+3	9,974444E+1
3,614062E+3	9,977659E+1
3,615625E+3	9,980862E+1
3,617187E+3	9,980820E+1
3,618750E+3	9,980778E+1
3,620312E+3	9,979117E+1
3,621875E+3	9,977453E+1
3,623437E+3	9,978836E+1
3,625000E+3	9,980216E+1
3,626562E+3	9,986079E+1
3,628125E+3	9,991903E+1
3,629687E+3	9,995425E+1
3,631250E+3	9,998932E+1
3,632812E+3	9,995575E+1
3,634375E+3	9,992204E+1
3,635937E+3	9,981183E+1
3,637500E+3	9,970021E+1
3,639062E+3	9,952956E+1
3,640625E+3	9,935548E+1
3,642187E+3	9,913231E+1
3,643750E+3	9,890324E+1
3,645312E+3	9,861771E+1
3,646875E+3	9,832247E+1
3,648437E+3	9,982721E+1
3,650000E+3	1,011094E+2
3,651562E+3	1,012034E+2
3,653125E+3	1,012964E+2
3,654687E+3	1,013289E+2
3,656250E+3	1,013612E+2
3,657812E+3	1,013311E+2
3,659375E+3	1,013009E+2
3,660937E+3	1,012057E+2
3,662500E+3	1,011093E+2
3,664062E+3	1,009431E+2
3,665625E+3	1,007737E+2
3,667187E+3	1,005308E+2
3,668750E+3	1,002809E+2
3,670312E+3	9,995828E+1
3,671875E+3	9,962323E+1
3,673437E+3	9,921413E+1
3,675000E+3	9,878480E+1
3,676562E+3	9,925553E+1
3,678125E+3	9,970206E+1
3,679687E+3	9,982482E+1
3,681250E+3	9,994588E+1
3,682812E+3	9,996057E+1
3,684375E+3	9,997524E+1
3,685937E+3	9,995072E+1
3,687500E+3	9,992612E+1
3,689062E+3	9,987790E+1
3,690625E+3	9,982942E+1
3,692187E+3	9,978989E+1
3,693750E+3	9,975018E+1
3,695312E+3	9,971227E+1
3,696875E+3	9,967419E+1
3,698437E+3	9,961235E+1
3,700000E+3	9,955006E+1
3,701562E+3	9,968717E+1
3,703125E+3	9,982214E+1
3,704687E+3	9,985771E+1
3,706250E+3	9,989313E+1
3,707812E+3	9,993578E+1
3,709375E+3	9,997823E+1
3,710937E+3	1,000109E+2
3,712500E+3	1,000435E+2
3,714062E+3	1,000643E+2
3,715625E+3	1,000850E+2
3,717187E+3	1,000941E+2
3,718750E+3	1,001032E+2
3,720312E+3	1,000963E+2
3,721875E+3	1,000894E+2
3,723437E+3	1,000767E+2
3,725000E+3	1,000640E+2
3,726562E+3	1,000608E+2
3,728125E+3	1,000575E+2
3,729687E+3	1,000926E+2
3,731250E+3	1,001276E+2
3,732812E+3	1,001729E+2
3,734375E+3	1,002180E+2
3,735937E+3	1,002282E+2
3,737500E+3	1,002384E+2
3,739062E+3	1,002031E+2
3,740625E+3	1,001677E+2
3,742187E+3	1,000844E+2
3,743750E+3	1,000004E+2
3,745312E+3	9,987139E+1
3,746875E+3	9,974048E+1
3,748437E+3	9,964565E+1
3,750000E+3	9,954978E+1
3,751562E+3	9,959389E+1
3,753125E+3	9,963778E+1
3,754687E+3	9,965449E+1
3,756250E+3	9,967117E+1
3,757812E+3	9,966053E+1
3,759375E+3	9,964988E+1
3,760937E+3	9,962380E+1
3,762500E+3	9,959764E+1
3,764062E+3	9,958378E+1
3,765625E+3	9,956990E+1
3,767187E+3	9,957662E+1
3,768750E+3	9,958334E+1
3,770312E+3	9,958743E+1
3,771875E+3	9,959152E+1
3,773437E+3	9,958604E+1
3,775000E+3	9,958055E+1
3,776562E+3	9,956290E+1
3,778125E+3	9,954520E+1
3,779687E+3	9,951300E+1
3,781250E+3	9,948068E+1
3,782812E+3	9,943785E+1
3,784375E+3	9,939480E+1
3,785937E+3	9,934816E+1
3,787500E+3	9,930127E+1
3,789062E+3	9,926309E+1
3,790625E+3	9,922474E+1
3,792187E+3	9,918950E+1
3,793750E+3	9,915412E+1
3,795312E+3	9,910565E+1
3,796875E+3	9,905690E+1
3,798437E+3	9,899514E+1
3,800000E+3	9,893293E+1
3,801562E+3	9,886861E+1
3,803125E+3	9,880381E+1
3,804687E+3	9,873701E+1
3,806250E+3	9,866970E+1
3,807812E+3	9,858717E+1
3,809375E+3	9,850385E+1
3,810937E+3	9,839768E+1
3,812500E+3	9,829019E+1
3,814062E+3	9,818302E+1
3,815625E+3	9,807452E+1
3,817187E+3	9,802841E+1
3,818750E+3	9,798206E+1
3,820312E+3	9,796785E+1
3,821875E+3	9,795362E+1
3,823437E+3	9,803011E+1
3,825000E+3	9,810592E+1
3,826562E+3	9,834360E+1
3,828125E+3	9,857495E+1
3,829687E+3	9,881701E+1
3,831250E+3	9,905250E+1
3,832812E+3	9,925897E+1
3,834375E+3	9,946064E+1
3,835937E+3	9,961862E+1
3,837500E+3	9,977377E+1
3,839062E+3	9,988072E+1
3,840625E+3	9,998637E+1
3,842187E+3	1,000428E+2
3,843750E+3	1,000988E+2
3,845312E+3	1,001078E+2
3,846875E+3	1,001167E+2
3,848437E+3	1,000853E+2
3,850000E+3	1,000538E+2
3,851562E+3	9,999897E+1
3,853125E+3	9,994383E+1
3,854687E+3	9,991499E+1
3,856250E+3	9,988605E+1
3,857812E+3	9,991482E+1
3,859375E+3	9,994349E+1
3,860937E+3	9,998414E+1
3,862500E+3	1,000246E+2
3,864062E+3	1,000634E+2
3,865625E+3	1,001020E+2
3,867187E+3	1,001350E+2
3,868750E+3	1,001680E+2
3,870312E+3	1,001829E+2
3,871875E+3	1,001979E+2
3,873437E+3	1,001856E+2
3,875000E+3	1,001733E+2
3,876562E+3	1,001365E+2
3,878125E+3	1,000995E+2
3,879687E+3	1,000573E+2
3,881250E+3	1,000149E+2
3,882812E+3	1,000147E+2
3,884375E+3	1,000146E+2
3,885937E+3	1,000386E+2
3,887500E+3	1,000624E+2
3,889062E+3	1,000853E+2
3,890625E+3	1,001081E+2
3,892187E+3	1,001284E+2
3,893750E+3	1,001486E+2
3,895312E+3	1,001645E+2
3,896875E+3	1,001805E+2
3,898437E+3	1,001800E+2
3,900000E+3	1,001795E+2
3,901562E+3	1,001537E+2
3,903125E+3	1,001278E+2
3,904687E+3	1,000782E+2
3,906250E+3	1,000283E+2
3,907812E+3	9,996411E+1
3,909375E+3	9,989942E+1
3,910937E+3	9,984199E+1
3,912500E+3	9,978417E+1
3,914062E+3	9,974851E+1
3,915625E+3	9,971269E+1
3,917187E+3	9,968552E+1
3,918750E+3	9,965827E+1
3,920312E+3	9,963466E+1
3,921875E+3	9,961097E+1
3,923437E+3	9,959563E+1
3,925000E+3	9,958026E+1
3,926562E+3	9,958320E+1
3,928125E+3	9,958615E+1
3,929687E+3	9,964880E+1
3,931250E+3	9,971101E+1
3,932812E+3	9,977147E+1
3,934375E+3	9,983151E+1
3,935937E+3	9,985342E+1
3,937500E+3	9,987528E+1
3,939062E+3	9,985237E+1
3,940625E+3	9,982940E+1
3,942187E+3	9,975980E+1
3,943750E+3	9,968965E+1
3,945312E+3	9,964944E+1
3,946875E+3	9,960905E+1
3,948437E+3	9,971263E+1
3,950000E+3	9,981499E+1
3,951562E+3	9,986233E+1
3,953125E+3	9,990940E+1
3,954687E+3	9,989888E+1
3,956250E+3	9,988834E+1
3,957812E+3	9,981840E+1
3,959375E+3	9,974789E+1
3,960937E+3	9,961589E+1
3,962500E+3	9,948185E+1
3,964062E+3	9,915531E+1
3,965625E+3	9,881601E+1
3,967187E+3	9,889521E+1
3,968750E+3	9,897370E+1
3,970312E+3	9,917211E+1
3,971875E+3	9,936609E+1
3,973437E+3	9,951621E+1
3,975000E+3	9,966378E+1
3,976562E+3	9,976619E+1
3,978125E+3	9,986741E+1
3,979687E+3	9,992262E+1
3,981250E+3	9,997749E+1
3,982812E+3	9,998881E+1
3,984375E+3	1,000001E+2
3,985937E+3	9,998261E+1
3,987500E+3	9,996509E+1
3,989062E+3	9,993228E+1
3,990625E+3	9,989935E+1
3,992187E+3	9,987919E+1
3,993750E+3	9,985900E+1
3,995312E+3	9,988265E+1
3,996875E+3	9,990623E+1
3,998437E+3	9,994350E+1
4,000000E+3	9,998060E+1
4,001562E+3	1,000159E+2
4,003125E+3	1,000511E+2
4,004687E+3	1,000884E+2
4,006250E+3	1,001254E+2
4,007812E+3	1,001582E+2
4,009375E+3	1,001908E+2
4,010937E+3	1,002068E+2
4,012500E+3	1,002227E+2
4,014062E+3	1,002146E+2
4,015625E+3	1,002065E+2
4,017187E+3	1,001746E+2
4,018750E+3	1,001425E+2
4,020312E+3	1,000911E+2
4,021875E+3	1,000393E+2
4,023437E+3	1,000062E+2
4,025000E+3	9,997302E+1
4,026562E+3	9,997595E+1
4,028125E+3	9,997888E+1
4,029687E+3	9,997553E+1
4,031250E+3	9,997218E+1
4,032812E+3	9,994689E+1
4,034375E+3	9,992153E+1
4,035937E+3	9,986762E+1
4,037500E+3	9,981338E+1
4,039062E+3	9,976799E+1
4,040625E+3	9,972237E+1
4,042187E+3	9,975781E+1
4,043750E+3	9,979311E+1
4,045312E+3	9,983787E+1
4,046875E+3	9,988241E+1
4,048437E+3	9,990799E+1
4,050000E+3	9,993350E+1
4,051562E+3	9,993176E+1
4,053125E+3	9,993003E+1
4,054687E+3	9,990923E+1
4,056250E+3	9,988839E+1
4,057812E+3	9,988110E+1
4,059375E+3	9,987381E+1
4,060937E+3	9,987851E+1
4,062500E+3	9,988320E+1
4,064062E+3	9,988096E+1
4,065625E+3	9,987871E+1
4,067187E+3	9,987220E+1
4,068750E+3	9,986568E+1
4,070312E+3	9,985186E+1
4,071875E+3	9,983802E+1
4,073437E+3	9,985851E+1
4,075000E+3	9,987896E+1
4,076562E+3	9,990367E+1
4,078125E+3	9,992832E+1
4,079687E+3	9,991993E+1
4,081250E+3	9,991153E+1
4,082812E+3	9,986083E+1
4,084375E+3	9,980983E+1
4,085937E+3	9,971315E+1
4,087500E+3	9,961538E+1
4,089062E+3	9,926489E+1
4,090625E+3	9,889965E+1
4,092187E+3	9,914219E+1
4,093750E+3	9,937815E+1
4,095312E+3	9,955152E+1
4,096875E+3	9,972149E+1
4,098437E+3	9,983112E+1
4,100000E+3	9,993937E+1
4,101562E+3	9,998605E+1
4,103125E+3	1,000325E+2
4,104687E+3	1,000192E+2
4,106250E+3	1,000060E+2
4,107812E+3	9,992938E+1
4,109375E+3	9,985208E+1
4,110937E+3	9,925445E+1
4,112500E+3	9,861264E+1
4,114062E+3	9,885810E+1
4,115625E+3	9,909680E+1
4,117187E+3	9,931142E+1
4,118750E+3	9,952086E+1
4,120312E+3	9,967461E+1
4,121875E+3	9,982569E+1
4,123437E+3	9,983452E+1
4,125000E+3	9,984334E+1
4,126562E+3	1,000982E+2
4,128125E+3	1,003457E+2
4,129687E+3	1,005394E+2
4,131250E+3	1,007289E+2
4,132812E+3	1,008590E+2
4,134375E+3	1,009871E+2
4,135937E+3	1,010560E+2
4,137500E+3	1,011243E+2
4,139062E+3	1,011350E+2
4,140625E+3	1,011457E+2
4,142187E+3	1,010996E+2
4,143750E+3	1,010532E+2
4,145312E+3	1,009516E+2
4,146875E+3	1,008488E+2
4,148437E+3	1,006878E+2
4,150000E+3	1,005238E+2
4,151562E+3	1,002996E+2
4,153125E+3	1,000695E+2
4,154687E+3	9,830702E+1
4,156250E+3	9,609346E+1
4,157812E+3	9,656671E+1
4,159375E+3	9,701551E+1
4,160937E+3	9,741564E+1
4,162500E+3	9,779815E+1
4,164062E+3	9,746069E+1
4,165625E+3	9,710958E+1
4,167187E+3	9,769582E+1
4,168750E+3	9,824498E+1
4,170312E+3	9,873800E+1
4,171875E+3	9,920452E+1
4,173437E+3	9,802141E+1
4,175000E+3	9,665134E+1
4,176562E+3	9,677770E+1
4,178125E+3	9,690224E+1
4,179687E+3	9,729330E+1
4,181250E+3	9,766752E+1
4,182812E+3	9,795629E+1
4,184375E+3	9,823576E+1
4,185937E+3	9,846460E+1
4,187500E+3	9,868757E+1
4,189062E+3	9,885903E+1
4,190625E+3	9,902717E+1
4,192187E+3	9,915326E+1
4,193750E+3	9,927755E+1
4,195312E+3	9,935722E+1
4,196875E+3	9,943618E+1
4,198437E+3	9,948533E+1
4,200000E+3	9,953421E+1
4,201562E+3	9,959022E+1
4,203125E+3	9,964587E+1
4,204687E+3	9,970347E+1
4,206250E+3	9,976070E+1
4,207812E+3	9,980133E+1
4,209375E+3	9,984177E+1
4,210937E+3	9,986266E+1
4,212500E+3	9,988349E+1
4,214062E+3	9,989683E+1
4,215625E+3	9,991015E+1
4,217187E+3	9,992446E+1
4,218750E+3	9,993876E+1
4,220312E+3	9,996915E+1
4,221875E+3	9,999943E+1
4,223437E+3	1,000216E+2
4,225000E+3	1,000437E+2
4,226562E+3	1,000309E+2
4,228125E+3	1,000180E+2
4,229687E+3	9,995269E+1
4,231250E+3	9,988686E+1
4,232812E+3	9,978031E+1
4,234375E+3	9,967244E+1
4,235937E+3	9,955279E+1
4,237500E+3	9,943146E+1
4,239062E+3	9,937033E+1
4,240625E+3	9,930877E+1
4,242187E+3	9,942987E+1
4,243750E+3	9,954930E+1
4,245312E+3	9,938847E+1
4,246875E+3	9,922460E+1
4,248437E+3	9,896382E+1
4,250000E+3	9,869497E+1
4,251562E+3	9,836798E+1
4,253125E+3	9,802820E+1
4,254687E+3	9,763984E+1
4,256250E+3	9,723330E+1
4,257812E+3	9,678694E+1
4,259375E+3	9,631639E+1
4,260937E+3	9,580379E+1
4,262500E+3	9,525904E+1
4,264062E+3	9,780592E+1
4,265625E+3	9,977286E+1
4,267187E+3	1,000499E+2
4,268750E+3	1,003183E+2
4,270312E+3	1,005296E+2
4,271875E+3	1,007358E+2
4,273437E+3	1,008874E+2
4,275000E+3	1,010363E+2
4,276562E+3	1,011283E+2
4,278125E+3	1,012193E+2
4,279687E+3	1,012520E+2
4,281250E+3	1,012846E+2
4,282812E+3	1,012510E+2
4,284375E+3	1,012174E+2
4,285937E+3	1,011159E+2
4,287500E+3	1,010132E+2
4,289062E+3	1,008419E+2
4,290625E+3	1,006673E+2
4,292187E+3	1,004184E+2
4,293750E+3	1,001621E+2
4,295312E+3	9,983158E+1
4,296875E+3	9,948794E+1
4,298437E+3	9,907236E+1
4,300000E+3	9,863590E+1
4,301562E+3	9,926518E+1
4,303125E+3	9,985193E+1
4,304687E+3	9,993332E+1
4,306250E+3	1,000140E+2
4,307812E+3	1,000486E+2
4,309375E+3	1,000831E+2
4,310937E+3	1,000939E+2
4,312500E+3	1,001046E+2
4,314062E+3	1,001004E+2
4,315625E+3	1,000962E+2
4,317187E+3	1,000815E+2
4,318750E+3	1,000668E+2
4,320312E+3	1,000440E+2
4,321875E+3	1,000211E+2
4,323437E+3	9,999071E+1
