Sample 1_Frequency [Hz]	Absorption Coefficient on Cavity	
3,000000E+2	9,580502E-1
3,015625E+2	9,602187E-1
3,031250E+2	9,622991E-1
3,046875E+2	9,649976E-1
3,062500E+2	9,675271E-1
3,078125E+2	9,654786E-1
3,093750E+2	9,570631E-1
3,109375E+2	9,572212E-1
3,125000E+2	9,573718E-1
3,140625E+2	9,574142E-1
3,156250E+2	9,574506E-1
3,171875E+2	9,573994E-1
3,187500E+2	9,573424E-1
3,203125E+2	9,571906E-1
3,218750E+2	9,570337E-1
3,234375E+2	9,568031E-1
3,250000E+2	9,565684E-1
3,265625E+2	9,563269E-1
3,281250E+2	9,560800E-1
3,296875E+2	9,345996E-1
3,312500E+2	9,105728E-1
3,328125E+2	9,103663E-1
3,343750E+2	9,101207E-1
3,359375E+2	9,100125E-1
3,375000E+2	9,098698E-1
3,390625E+2	9,096267E-1
3,406250E+2	9,093519E-1
3,421875E+2	9,090725E-1
3,437500E+2	9,087620E-1
3,453125E+2	9,083448E-1
3,468750E+2	9,078967E-1
3,484375E+2	9,072962E-1
3,500000E+2	9,066625E-1
3,515625E+2	9,059771E-1
3,531250E+2	9,052549E-1
3,546875E+2	8,771001E-1
3,562500E+2	8,398299E-1
3,578125E+2	8,391287E-1
3,593750E+2	8,383682E-1
3,609375E+2	8,378263E-1
3,625000E+2	8,372370E-1
3,640625E+2	8,364342E-1
3,656250E+2	8,355817E-1
3,671875E+2	8,345955E-1
3,687500E+2	8,335572E-1
3,703125E+2	8,131074E-1
3,718750E+2	7,835533E-1
3,734375E+2	7,827191E-1
3,750000E+2	7,818432E-1
3,765625E+2	7,805863E-1
3,781250E+2	7,792759E-1
3,796875E+2	7,778395E-1
3,812500E+2	7,763431E-1
3,828125E+2	7,749805E-1
3,843750E+2	7,735634E-1
3,859375E+2	7,722128E-1
3,875000E+2	7,708101E-1
3,890625E+2	7,695489E-1
3,906250E+2	7,682429E-1
3,921875E+2	7,668075E-1
3,937500E+2	7,653248E-1
3,953125E+2	7,635995E-1
3,968750E+2	7,618223E-1
3,984375E+2	7,600452E-1
4,000000E+2	7,582117E-1
4,015625E+2	7,404364E-1
4,031250E+2	7,141311E-1
4,046875E+2	7,129434E-1
4,062500E+2	7,117209E-1
4,078125E+2	7,102529E-1
4,093750E+2	7,087478E-1
4,109375E+2	7,073543E-1
4,125000E+2	7,059288E-1
4,140625E+2	7,042294E-1
4,156250E+2	7,024950E-1
4,171875E+2	7,008963E-1
4,187500E+2	6,992657E-1
4,203125E+2	6,973949E-1
4,218750E+2	6,954872E-1
4,234375E+2	6,935769E-1
4,250000E+2	6,916279E-1
4,265625E+2	6,896423E-1
4,281250E+2	6,876170E-1
4,296875E+2	6,855270E-1
4,312500E+2	6,833964E-1
4,328125E+2	6,661655E-1
4,343750E+2	6,422463E-1
4,359375E+2	6,402827E-1
4,375000E+2	6,382978E-1
4,390625E+2	6,361021E-1
4,406250E+2	6,338805E-1
4,421875E+2	6,315152E-1
4,437500E+2	6,291203E-1
4,453125E+2	6,271013E-1
4,468750E+2	6,250563E-1
4,484375E+2	6,226876E-1
4,500000E+2	6,202897E-1
4,515625E+2	6,180514E-1
4,531250E+2	6,157863E-1
4,546875E+2	6,138493E-1
4,562500E+2	6,118886E-1
4,578125E+2	6,101375E-1
4,593750E+2	6,083649E-1
4,609375E+2	6,066738E-1
4,625000E+2	6,049625E-1
4,640625E+2	6,029562E-1
4,656250E+2	6,009290E-1
4,671875E+2	5,992917E-1
4,687500E+2	5,976344E-1
4,703125E+2	5,795229E-1
4,718750E+2	5,575903E-1
4,734375E+2	5,556156E-1
4,750000E+2	5,536299E-1
4,765625E+2	5,514120E-1
4,781250E+2	5,491831E-1
4,796875E+2	5,467439E-1
4,812500E+2	5,442949E-1
4,828125E+2	5,418569E-1
4,843750E+2	5,394116E-1
4,859375E+2	5,367275E-1
4,875000E+2	5,340373E-1
4,890625E+2	5,307375E-1
4,906250E+2	5,274316E-1
4,921875E+2	5,244170E-1
4,937500E+2	5,213997E-1
4,953125E+2	5,290684E-1
4,968750E+2	5,213736E-1
4,984375E+2	5,211118E-1
5,000000E+2	5,208346E-1
5,015625E+2	5,199282E-1
5,031250E+2	5,190107E-1
5,046875E+2	5,183174E-1
5,062500E+2	5,176077E-1
5,078125E+2	5,168813E-1
5,093750E+2	5,161349E-1
5,109375E+2	5,150973E-1
5,125000E+2	5,140383E-1
5,140625E+2	5,132891E-1
5,156250E+2	5,125119E-1
5,171875E+2	5,117157E-1
5,187500E+2	5,108878E-1
5,203125E+2	5,097440E-1
5,218750E+2	5,085691E-1
5,234375E+2	5,070840E-1
5,250000E+2	5,055717E-1
5,265625E+2	5,045602E-1
5,281250E+2	5,035218E-1
5,296875E+2	5,024044E-1
5,312500E+2	5,012683E-1
5,328125E+2	5,000394E-1
5,343750E+2	4,988010E-1
5,359375E+2	4,893782E-1
5,375000E+2	4,777646E-1
5,390625E+2	4,783287E-1
5,406250E+2	4,786521E-1
5,421875E+2	4,735925E-1
5,437500E+2	4,676547E-1
5,453125E+2	4,544297E-1
5,468750E+2	4,413347E-1
5,484375E+2	4,384741E-1
5,500000E+2	4,356045E-1
5,515625E+2	4,351957E-1
5,531250E+2	4,346673E-1
5,546875E+2	4,387944E-1
5,562500E+2	4,424617E-1
5,578125E+2	4,460973E-1
5,593750E+2	4,491743E-1
5,609375E+2	4,365234E-1
5,625000E+2	4,236227E-1
5,640625E+2	4,324755E-1
5,656250E+2	4,404123E-1
5,671875E+2	4,436831E-1
5,687500E+2	4,467022E-1
5,703125E+2	4,484310E-1
5,718750E+2	4,500129E-1
5,734375E+2	4,513166E-1
5,750000E+2	4,524821E-1
5,765625E+2	4,524225E-1
5,781250E+2	4,522747E-1
5,796875E+2	4,510015E-1
5,812500E+2	4,496912E-1
5,828125E+2	4,470576E-1
5,843750E+2	4,444331E-1
5,859375E+2	4,413713E-1
5,875000E+2	4,383328E-1
5,890625E+2	4,349977E-1
5,906250E+2	4,316954E-1
5,921875E+2	4,285641E-1
5,937500E+2	4,254669E-1
5,953125E+2	4,308677E-1
5,968750E+2	3,978056E-1
5,984375E+2	3,996842E-1
6,000000E+2	4,014359E-1
6,015625E+2	4,029032E-1
6,031250E+2	4,042492E-1
6,046875E+2	4,057307E-1
6,062500E+2	4,070722E-1
6,078125E+2	4,084713E-1
6,093750E+2	4,097082E-1
6,109375E+2	4,101275E-1
6,125000E+2	4,103904E-1
6,140625E+2	4,121097E-1
6,156250E+2	4,135793E-1
6,171875E+2	4,142062E-1
6,187500E+2	4,145772E-1
6,203125E+2	4,157958E-1
6,218750E+2	4,166587E-1
6,234375E+2	4,165875E-1
6,250000E+2	4,161317E-1
6,265625E+2	4,181971E-1
6,281250E+2	4,196454E-1
6,296875E+2	4,198364E-1
6,312500E+2	4,193786E-1
6,328125E+2	4,204313E-1
6,343750E+2	4,206223E-1
6,359375E+2	4,213881E-1
6,375000E+2	4,211197E-1
6,390625E+2	4,215437E-1
6,406250E+2	4,207248E-1
6,421875E+2	4,207423E-1
6,437500E+2	4,192725E-1
6,453125E+2	4,190170E-1
6,468750E+2	4,169574E-1
6,484375E+2	4,165974E-1
6,500000E+2	4,140267E-1
6,515625E+2	6,891505E-1
6,531250E+2	3,775503E-1
6,546875E+2	3,796210E-1
6,562500E+2	3,816226E-1
6,578125E+2	3,839438E-1
6,593750E+2	3,862287E-1
6,609375E+2	3,735202E-1
6,625000E+2	3,592075E-1
6,640625E+2	3,398473E-1
6,656250E+2	3,175651E-1
6,671875E+2	3,122632E-1
6,687500E+2	3,060293E-1
6,703125E+2	3,030212E-1
6,718750E+2	2,993628E-1
6,734375E+2	3,403525E-1
6,750000E+2	3,893658E-1
6,765625E+2	3,795783E-1
6,781250E+2	3,692275E-1
6,796875E+2	3,602698E-1
6,812500E+2	3,507932E-1
6,828125E+2	3,444744E-1
6,843750E+2	3,377458E-1
6,859375E+2	3,330414E-1
6,875000E+2	3,279984E-1
6,890625E+2	3,240910E-1
6,906250E+2	3,198750E-1
6,921875E+2	3,177856E-1
6,937500E+2	3,154904E-1
6,953125E+2	3,140955E-1
6,968750E+2	3,125325E-1
6,984375E+2	3,120308E-1
7,000000E+2	3,114108E-1
7,015625E+2	3,102373E-1
7,031250E+2	3,088870E-1
7,046875E+2	3,052845E-1
7,062500E+2	3,008054E-1
7,078125E+2	3,049722E-1
7,093750E+2	3,090277E-1
7,109375E+2	3,109730E-1
7,125000E+2	3,128999E-1
7,140625E+2	3,135935E-1
7,156250E+2	3,142465E-1
7,171875E+2	3,146556E-1
7,187500E+2	3,150206E-1
7,203125E+2	3,157791E-1
7,218750E+2	3,165062E-1
7,234375E+2	3,172520E-1
7,250000E+2	3,179659E-1
7,265625E+2	3,196653E-1
7,281250E+2	3,213596E-1
7,296875E+2	3,229565E-1
7,312500E+2	3,245458E-1
7,328125E+2	3,266609E-1
7,343750E+2	3,287797E-1
7,359375E+2	3,312904E-1
7,375000E+2	3,338110E-1
7,390625E+2	3,369783E-1
7,406250E+2	3,401636E-1
7,421875E+2	3,355596E-1
7,437500E+2	3,145942E-1
7,453125E+2	3,063763E-1
7,468750E+2	2,970778E-1
7,484375E+2	2,957376E-1
7,500000E+2	2,940585E-1
7,515625E+2	2,923363E-1
7,531250E+2	2,904820E-1
7,546875E+2	2,897045E-1
7,562500E+2	2,888088E-1
7,578125E+2	2,894943E-1
7,593750E+2	2,901242E-1
7,609375E+2	2,899975E-1
7,625000E+2	2,878547E-1
7,640625E+2	2,919176E-1
7,656250E+2	2,959861E-1
7,671875E+2	2,972753E-1
7,687500E+2	2,985442E-1
7,703125E+2	2,995927E-1
7,718750E+2	3,006206E-1
7,734375E+2	3,008916E-1
7,750000E+2	3,011260E-1
7,765625E+2	3,003149E-1
7,781250E+2	2,994448E-1
7,796875E+2	2,977908E-1
7,812500E+2	2,960915E-1
7,828125E+2	2,946654E-1
7,843750E+2	2,932096E-1
7,859375E+2	2,923682E-1
7,875000E+2	2,915061E-1
7,890625E+2	2,931362E-1
7,906250E+2	2,940636E-1
7,921875E+2	2,933720E-1
7,937500E+2	2,926414E-1
7,953125E+2	2,909675E-1
7,968750E+2	2,892666E-1
7,984375E+2	2,876681E-1
8,000000E+2	2,860606E-1
8,015625E+2	2,794395E-1
8,031250E+2	2,631907E-1
8,046875E+2	2,691929E-1
8,062500E+2	2,751638E-1
8,078125E+2	2,750853E-1
8,093750E+2	2,750030E-1
8,109375E+2	2,745229E-1
8,125000E+2	2,740390E-1
8,140625E+2	2,736800E-1
8,156250E+2	2,733141E-1
8,171875E+2	2,747358E-1
8,187500E+2	2,761422E-1
8,203125E+2	2,768256E-1
8,218750E+2	2,774847E-1
8,234375E+2	2,778339E-1
8,250000E+2	2,781433E-1
8,265625E+2	2,790480E-1
8,281250E+2	2,798954E-1
8,296875E+2	2,810223E-1
8,312500E+2	2,820812E-1
8,328125E+2	2,824258E-1
8,343750E+2	2,827061E-1
8,359375E+2	2,838671E-1
8,375000E+2	2,849578E-1
8,390625E+2	2,844068E-1
8,406250E+2	2,837968E-1
8,421875E+2	2,840387E-1
8,437500E+2	2,842241E-1
8,453125E+2	2,852203E-1
8,468750E+2	2,861574E-1
8,484375E+2	2,835965E-1
8,500000E+2	2,809909E-1
8,515625E+2	2,803020E-1
8,531250E+2	2,795654E-1
8,546875E+2	2,798940E-1
8,562500E+2	2,801701E-1
8,578125E+2	2,809625E-1
8,593750E+2	2,816993E-1
8,609375E+2	2,818255E-1
8,625000E+2	2,818966E-1
8,640625E+2	2,823987E-1
8,656250E+2	2,828301E-1
8,671875E+2	2,882236E-1
8,687500E+2	2,929998E-1
8,703125E+2	2,934215E-1
8,718750E+2	2,938322E-1
8,734375E+2	2,942223E-1
8,750000E+2	2,945988E-1
8,765625E+2	2,950778E-1
8,781250E+2	2,955400E-1
8,796875E+2	2,958998E-1
8,812500E+2	2,962408E-1
8,828125E+2	2,965817E-1
8,843750E+2	2,969022E-1
8,859375E+2	2,973159E-1
8,875000E+2	2,977068E-1
8,890625E+2	2,980549E-1
8,906250E+2	2,983781E-1
8,921875E+2	2,987739E-1
8,937500E+2	2,991421E-1
8,953125E+2	2,994443E-1
8,968750E+2	2,997146E-1
8,984375E+2	3,000608E-1
9,000000E+2	3,003696E-1
9,015625E+2	3,006732E-1
9,031250E+2	3,009388E-1
9,046875E+2	3,012226E-1
9,062500E+2	3,014801E-1
9,078125E+2	3,018779E-1
9,093750E+2	3,022574E-1
9,109375E+2	3,025313E-1
9,125000E+2	3,027896E-1
9,140625E+2	3,027951E-1
9,156250E+2	3,027859E-1
9,171875E+2	3,141156E-1
9,187500E+2	3,170653E-1
9,203125E+2	3,174891E-1
9,218750E+2	3,178893E-1
9,234375E+2	3,185180E-1
9,250000E+2	3,191243E-1
9,265625E+2	3,198059E-1
9,281250E+2	3,204662E-1
9,296875E+2	3,211127E-1
9,312500E+2	3,217393E-1
9,328125E+2	3,223454E-1
9,343750E+2	3,229329E-1
9,359375E+2	3,235702E-1
9,375000E+2	3,241897E-1
9,390625E+2	3,245443E-1
9,406250E+2	3,248840E-1
9,421875E+2	3,253934E-1
9,437500E+2	3,258885E-1
9,453125E+2	3,263144E-1
9,468750E+2	3,267277E-1
9,484375E+2	3,270692E-1
9,500000E+2	3,273995E-1
9,515625E+2	3,279319E-1
9,531250E+2	3,284526E-1
9,546875E+2	3,288049E-1
9,562500E+2	3,291477E-1
9,578125E+2	3,293831E-1
9,593750E+2	3,296107E-1
9,609375E+2	3,298555E-1
9,625000E+2	3,300936E-1
9,640625E+2	3,454310E-1
9,656250E+2	3,477554E-1
9,671875E+2	3,487733E-1
9,687500E+2	3,497711E-1
9,703125E+2	3,508469E-1
9,718750E+2	3,518951E-1
9,734375E+2	3,529947E-1
9,750000E+2	3,540590E-1
9,765625E+2	3,551084E-1
9,781250E+2	3,561163E-1
9,796875E+2	3,577905E-1
9,812500E+2	3,594084E-1
9,828125E+2	3,600520E-1
9,843750E+2	3,606519E-1
9,859375E+2	3,616874E-1
9,875000E+2	3,626700E-1
9,890625E+2	3,641181E-1
9,906250E+2	3,655027E-1
9,921875E+2	3,662802E-1
9,937500E+2	3,670045E-1
9,953125E+2	3,682682E-1
9,968750E+2	3,694608E-1
9,984375E+2	3,715282E-1
1,000000E+3	3,734894E-1
1,001562E+3	3,750568E-1
1,003125E+3	3,765112E-1
1,004687E+3	3,784589E-1
1,006250E+3	3,802476E-1
1,007812E+3	4,002799E-1
1,009375E+3	3,983417E-1
1,010937E+3	4,009477E-1
1,012500E+3	4,032071E-1
1,014062E+3	4,054148E-1
1,015625E+3	4,073462E-1
1,017187E+3	4,438501E-1
1,018750E+3	4,387961E-1
1,020312E+3	4,413329E-1
1,021875E+3	4,432842E-1
1,023437E+3	4,459947E-1
1,025000E+3	4,482507E-1
1,026562E+3	4,504208E-1
1,028125E+3	4,523044E-1
1,029687E+3	4,546709E-1
1,031250E+3	4,568281E-1
1,032812E+3	4,588323E-1
1,034375E+3	4,607043E-1
1,035937E+3	4,627933E-1
1,037500E+3	4,647798E-1
1,039062E+3	4,669317E-1
1,040625E+3	4,689949E-1
1,042187E+3	4,708081E-1
1,043750E+3	4,725368E-1
1,045312E+3	4,746503E-1
1,046875E+3	4,766641E-1
1,048437E+3	4,790648E-1
1,050000E+3	4,813427E-1
1,051562E+3	4,836620E-1
1,053125E+3	4,858203E-1
1,054687E+3	4,884514E-1
1,056250E+3	4,908654E-1
1,057812E+3	4,938478E-1
1,059375E+3	4,965360E-1
1,060937E+3	4,999140E-1
1,062500E+3	5,028949E-1
1,064062E+3	5,062461E-1
1,065625E+3	5,090424E-1
1,067187E+3	5,131396E-1
1,068750E+3	5,165331E-1
1,070312E+3	5,202876E-1
1,071875E+3	5,231076E-1
1,073437E+3	5,283181E-1
1,075000E+3	5,324706E-1
1,076562E+3	5,380688E-1
1,078125E+3	5,423849E-1
1,079687E+3	5,482444E-1
1,081250E+3	5,525347E-1
1,082812E+3	5,853464E-1
1,084375E+3	5,624451E-1
1,085937E+3	5,661954E-1
1,087500E+3	5,694046E-1
1,089062E+3	5,724783E-1
1,090625E+3	5,751922E-1
1,092187E+3	6,075908E-1
1,093750E+3	6,225885E-1
1,095312E+3	6,251059E-1
1,096875E+3	6,276067E-1
1,098437E+3	6,296129E-1
1,100000E+3	6,316195E-1
1,101562E+3	6,706752E-1
1,103125E+3	6,986991E-1
1,104687E+3	7,021184E-1
1,106250E+3	7,053726E-1
1,107812E+3	7,387943E-1
1,109375E+3	7,715274E-1
1,110937E+3	7,736280E-1
1,112500E+3	7,754708E-1
1,114062E+3	7,768067E-1
1,115625E+3	7,779708E-1
1,117187E+3	7,783584E-1
1,118750E+3	7,786583E-1
1,120312E+3	7,785732E-1
1,121875E+3	7,784542E-1
1,123437E+3	7,782024E-1
1,125000E+3	7,779368E-1
1,126562E+3	7,779276E-1
1,128125E+3	7,779109E-1
1,129687E+3	7,780583E-1
1,131250E+3	7,782000E-1
1,132812E+3	7,784575E-1
1,134375E+3	7,787089E-1
1,135937E+3	7,790643E-1
1,137500E+3	7,794114E-1
1,139062E+3	7,800846E-1
1,140625E+3	7,807496E-1
1,142187E+3	7,815184E-1
1,143750E+3	7,822748E-1
1,145312E+3	7,833647E-1
1,146875E+3	7,844417E-1
1,148437E+3	7,858611E-1
1,150000E+3	7,872676E-1
1,151562E+3	7,888138E-1
1,153125E+3	7,903405E-1
1,154687E+3	7,924228E-1
1,156250E+3	7,944904E-1
1,157812E+3	7,966595E-1
1,159375E+3	7,988066E-1
1,160937E+3	8,012284E-1
1,162500E+3	8,036259E-1
1,164062E+3	8,065082E-1
1,165625E+3	8,093697E-1
1,167187E+3	8,123411E-1
1,168750E+3	8,152851E-1
1,170312E+3	8,184302E-1
1,171875E+3	8,215432E-1
1,173437E+3	8,251583E-1
1,175000E+3	8,287412E-1
1,176562E+3	8,325506E-1
1,178125E+3	8,363215E-1
1,179687E+3	8,401448E-1
1,181250E+3	8,439198E-1
1,182812E+3	8,482912E-1
1,184375E+3	8,526070E-1
1,185937E+3	8,571986E-1
1,187500E+3	8,617231E-1
1,189062E+3	8,661511E-1
1,190625E+3	8,704984E-1
1,192187E+3	8,755104E-1
1,193750E+3	8,804257E-1
1,195312E+3	8,851852E-1
1,196875E+3	8,898369E-1
1,198437E+3	8,946490E-1
1,200000E+3	8,993417E-1
1,201562E+3	9,040514E-1
1,203125E+3	9,086348E-1
1,204687E+3	9,128681E-1
1,206250E+3	9,169828E-1
1,207812E+3	9,205335E-1
1,209375E+3	9,239850E-1
1,210937E+3	9,273428E-1
1,212500E+3	9,306039E-1
1,214062E+3	9,522964E-1
1,215625E+3	9,687137E-1
1,217187E+3	9,685946E-1
1,218750E+3	9,684718E-1
1,220312E+3	9,685297E-1
1,221875E+3	9,685807E-1
1,223437E+3	9,687065E-1
1,225000E+3	9,688256E-1
1,226562E+3	9,690149E-1
1,228125E+3	9,691967E-1
1,229687E+3	9,694357E-1
1,231250E+3	9,696656E-1
1,232812E+3	9,853455E-1
1,234375E+3	9,949235E-1
1,235937E+3	9,950293E-1
1,237500E+3	9,951310E-1
1,239062E+3	9,952535E-1
1,240625E+3	9,953717E-1
1,242187E+3	9,954701E-1
1,243750E+3	9,955652E-1
1,245312E+3	9,956149E-1
1,246875E+3	9,956625E-1
1,248437E+3	9,956796E-1
1,250000E+3	9,956950E-1
1,251562E+3	9,957064E-1
1,253125E+3	9,957163E-1
1,254687E+3	9,957343E-1
1,256250E+3	9,957507E-1
1,257812E+3	9,957786E-1
1,259375E+3	9,958047E-1
1,260937E+3	9,958295E-1
1,262500E+3	9,958526E-1
1,264062E+3	9,958709E-1
1,265625E+3	9,958877E-1
1,267187E+3	9,959166E-1
1,268750E+3	9,959438E-1
1,270312E+3	9,959678E-1
1,271875E+3	9,959901E-1
1,273437E+3	9,960803E-1
1,275000E+3	9,961670E-1
1,276562E+3	9,983688E-1
1,278125E+3	9,995044E-1
1,279687E+3	9,995337E-1
1,281250E+3	9,995523E-1
1,282812E+3	9,995594E-1
1,284375E+3	9,995613E-1
1,285937E+3	9,995622E-1
1,287500E+3	9,995590E-1
1,289062E+3	9,995446E-1
1,290625E+3	9,995141E-1
1,292187E+3	9,988463E-1
1,293750E+3	9,976279E-1
1,295312E+3	9,976469E-1
1,296875E+3	9,976640E-1
1,298437E+3	9,977232E-1
1,300000E+3	9,977797E-1
1,301562E+3	9,978342E-1
1,303125E+3	9,978862E-1
1,304687E+3	9,979283E-1
1,306250E+3	9,979682E-1
1,307812E+3	9,980010E-1
1,309375E+3	9,980319E-1
1,310937E+3	9,980549E-1
1,312500E+3	9,980763E-1
1,314062E+3	9,980917E-1
1,315625E+3	9,981057E-1
1,317187E+3	9,981211E-1
1,318750E+3	9,981343E-1
1,320312E+3	9,981483E-1
1,321875E+3	9,981598E-1
1,323437E+3	9,981720E-1
1,325000E+3	9,981814E-1
1,326562E+3	9,966036E-1
1,328125E+3	9,945161E-1
1,329687E+3	9,945358E-1
1,331250E+3	9,945533E-1
1,332812E+3	9,945938E-1
1,334375E+3	9,946312E-1
1,335937E+3	9,946680E-1
1,337500E+3	9,947017E-1
1,339062E+3	9,947334E-1
1,340625E+3	9,947617E-1
1,342187E+3	9,947848E-1
1,343750E+3	9,948046E-1
1,345312E+3	9,948287E-1
1,346875E+3	9,948496E-1
1,348437E+3	9,948779E-1
1,350000E+3	9,949028E-1
1,351562E+3	9,949272E-1
1,353125E+3	9,949484E-1
1,354687E+3	9,949744E-1
1,356250E+3	9,949984E-1
1,357812E+3	9,950355E-1
1,359375E+3	9,950710E-1
1,360937E+3	9,949912E-1
1,362500E+3	9,949106E-1
1,364062E+3	9,947405E-1
1,365625E+3	9,945683E-1
1,367187E+3	9,944823E-1
1,368750E+3	9,943936E-1
1,370312E+3	9,944095E-1
1,371875E+3	9,944283E-1
1,373437E+3	9,945104E-1
1,375000E+3	9,945935E-1
1,376562E+3	9,949175E-1
1,378125E+3	9,952320E-1
1,379687E+3	9,952878E-1
1,381250E+3	9,953416E-1
1,382812E+3	9,954419E-1
1,384375E+3	9,955422E-1
1,385937E+3	9,956707E-1
1,387500E+3	9,957995E-1
1,389062E+3	9,959444E-1
1,390625E+3	9,960887E-1
1,392187E+3	9,963089E-1
1,393750E+3	9,965238E-1
1,395312E+3	9,963562E-1
1,396875E+3	9,955711E-1
1,398437E+3	9,957425E-1
1,400000E+3	9,959108E-1
1,401562E+3	9,960703E-1
1,403125E+3	9,962270E-1
1,404687E+3	9,963717E-1
1,406250E+3	9,965144E-1
1,407812E+3	9,966465E-1
1,409375E+3	9,967772E-1
1,410937E+3	9,969027E-1
1,412500E+3	9,970270E-1
1,414062E+3	9,971479E-1
1,415625E+3	9,972677E-1
1,417187E+3	9,973834E-1
1,418750E+3	9,974979E-1
1,420312E+3	9,976072E-1
1,421875E+3	9,977152E-1
1,423437E+3	9,978021E-1
1,425000E+3	9,978885E-1
1,426562E+3	9,979178E-1
1,428125E+3	9,979482E-1
1,429687E+3	9,979243E-1
1,431250E+3	9,979015E-1
1,432812E+3	9,978525E-1
1,434375E+3	9,978035E-1
1,435937E+3	9,977482E-1
1,437500E+3	9,976921E-1
1,439062E+3	9,976735E-1
1,440625E+3	9,976550E-1
1,442187E+3	9,976788E-1
1,443750E+3	9,977031E-1
1,445312E+3	9,977385E-1
1,446875E+3	9,977742E-1
1,448437E+3	9,978128E-1
1,450000E+3	9,978517E-1
1,451562E+3	9,979024E-1
1,453125E+3	9,979530E-1
1,454687E+3	9,980041E-1
1,456250E+3	9,980548E-1
1,457812E+3	9,981128E-1
1,459375E+3	9,981701E-1
1,460937E+3	9,982360E-1
1,462500E+3	9,983005E-1
1,464062E+3	9,983820E-1
1,465625E+3	9,984608E-1
1,467187E+3	9,985559E-1
1,468750E+3	9,986465E-1
1,470312E+3	9,987670E-1
1,471875E+3	9,988802E-1
1,473437E+3	9,989728E-1
1,475000E+3	9,990604E-1
1,476562E+3	9,872806E-1
1,478125E+3	9,594860E-1
1,479687E+3	9,589270E-1
1,481250E+3	9,583311E-1
1,482812E+3	9,577898E-1
1,484375E+3	9,572133E-1
1,485937E+3	9,567329E-1
1,487500E+3	9,562164E-1
1,489062E+3	9,558126E-1
1,490625E+3	9,553726E-1
1,492187E+3	9,549568E-1
1,493750E+3	9,545082E-1
1,495312E+3	9,541724E-1
1,496875E+3	9,538038E-1
1,498437E+3	9,535001E-1
1,500000E+3	9,531654E-1
1,501562E+3	9,528880E-1
1,503125E+3	9,525811E-1
1,504687E+3	9,523286E-1
1,506250E+3	9,520477E-1
1,507812E+3	9,518160E-1
1,509375E+3	9,515570E-1
1,510937E+3	9,513452E-1
1,512500E+3	9,511070E-1
1,514062E+3	9,510432E-1
1,515625E+3	9,509525E-1
1,517187E+3	9,503743E-1
1,518750E+3	9,497728E-1
1,520312E+3	9,497289E-1
1,521875E+3	9,496597E-1
1,523437E+3	9,495498E-1
1,525000E+3	9,494161E-1
1,526562E+3	9,493691E-1
1,528125E+3	9,492983E-1
1,529687E+3	9,493025E-1
1,531250E+3	9,492831E-1
1,532812E+3	9,492051E-1
1,534375E+3	9,491044E-1
1,535937E+3	9,491178E-1
1,537500E+3	9,491074E-1
1,539062E+3	9,490903E-1
1,540625E+3	9,490493E-1
1,542187E+3	9,489957E-1
1,543750E+3	9,489179E-1
1,545312E+3	9,489274E-1
1,546875E+3	9,489106E-1
1,548437E+3	9,488687E-1
1,550000E+3	9,487997E-1
1,551562E+3	9,487074E-1
1,553125E+3	9,485871E-1
1,554687E+3	9,484952E-1
1,556250E+3	9,483736E-1
1,557812E+3	9,482234E-1
1,559375E+3	9,480423E-1
1,560937E+3	9,478955E-1
1,562500E+3	9,477158E-1
1,564062E+3	9,475206E-1
1,565625E+3	9,472918E-1
1,567187E+3	9,471004E-1
1,568750E+3	9,468742E-1
1,570312E+3	9,447409E-1
1,571875E+3	9,358504E-1
1,573437E+3	9,371057E-1
1,575000E+3	9,383241E-1
1,576562E+3	9,387592E-1
1,578125E+3	9,391853E-1
1,579687E+3	9,396276E-1
1,581250E+3	9,400600E-1
1,582812E+3	9,405187E-1
1,584375E+3	9,409670E-1
1,585937E+3	9,414256E-1
1,587500E+3	9,418734E-1
1,589062E+3	9,423328E-1
1,590625E+3	9,427809E-1
1,592187E+3	9,432355E-1
1,593750E+3	9,436772E-1
1,595312E+3	9,441351E-1
1,596875E+3	9,445801E-1
1,598437E+3	9,450347E-1
1,600000E+3	9,454756E-1
1,601562E+3	9,459252E-1
1,603125E+3	9,463611E-1
1,604687E+3	9,467974E-1
1,606250E+3	9,472192E-1
1,607812E+3	9,476323E-1
1,609375E+3	9,480316E-1
1,610937E+3	9,484357E-1
1,612500E+3	9,488254E-1
1,614062E+3	9,492178E-1
1,615625E+3	9,495946E-1
1,617187E+3	9,500210E-1
1,618750E+3	9,504296E-1
1,620312E+3	9,510182E-1
1,621875E+3	9,515776E-1
1,623437E+3	9,532870E-1
1,625000E+3	9,548356E-1
1,626562E+3	9,561391E-1
1,628125E+3	9,573454E-1
1,629687E+3	9,720741E-1
1,631250E+3	9,818843E-1
1,632812E+3	9,821076E-1
1,634375E+3	9,823238E-1
1,635937E+3	9,825753E-1
1,637500E+3	9,828176E-1
1,639062E+3	9,830913E-1
1,640625E+3	9,833532E-1
1,642187E+3	9,836125E-1
1,643750E+3	9,838598E-1
1,645312E+3	9,840908E-1
1,646875E+3	9,843100E-1
1,648437E+3	9,845404E-1
1,650000E+3	9,847558E-1
1,651562E+3	9,849527E-1
1,653125E+3	9,851360E-1
1,654687E+3	9,853475E-1
1,656250E+3	9,855441E-1
1,657812E+3	9,858689E-1
1,659375E+3	9,861725E-1
1,660937E+3	9,867955E-1
1,662500E+3	9,873756E-1
1,664062E+3	9,883045E-1
1,665625E+3	9,891542E-1
1,667187E+3	9,900116E-1
1,668750E+3	9,907870E-1
1,670312E+3	9,914554E-1
1,671875E+3	9,920584E-1
1,673437E+3	9,926841E-1
1,675000E+3	9,932422E-1
1,676562E+3	9,939832E-1
1,678125E+3	9,946210E-1
1,679687E+3	9,955095E-1
1,681250E+3	9,962213E-1
1,682812E+3	9,970042E-1
1,684375E+3	9,975478E-1
1,685937E+3	9,987187E-1
1,687500E+3	9,980361E-1
1,689062E+3	9,958073E-1
1,690625E+3	9,902494E-1
1,692187E+3	9,891700E-1
1,693750E+3	9,879798E-1
1,695312E+3	9,868319E-1
1,696875E+3	9,855779E-1
1,698437E+3	9,841807E-1
1,700000E+3	9,826492E-1
1,701562E+3	9,815952E-1
1,703125E+3	9,804663E-1
1,704687E+3	9,796093E-1
1,706250E+3	9,787035E-1
1,707812E+3	9,779087E-1
1,709375E+3	9,770727E-1
1,710937E+3	9,762068E-1
1,712500E+3	9,752964E-1
1,714062E+3	9,742986E-1
1,715625E+3	9,732492E-1
1,717187E+3	9,721906E-1
1,718750E+3	9,710786E-1
1,720312E+3	9,553777E-1
1,721875E+3	9,290835E-1
1,723437E+3	9,271753E-1
1,725000E+3	9,251698E-1
1,726562E+3	9,239271E-1
1,728125E+3	9,226337E-1
1,729687E+3	9,212894E-1
1,731250E+3	9,198923E-1
1,732812E+3	9,186433E-1
1,734375E+3	9,173465E-1
1,735937E+3	9,161322E-1
1,737500E+3	9,148726E-1
1,739062E+3	9,135381E-1
1,740625E+3	9,121549E-1
1,742187E+3	9,107460E-1
1,743750E+3	9,092862E-1
1,745312E+3	9,069450E-1
1,746875E+3	9,045011E-1
1,748437E+3	8,807807E-1
1,750000E+3	8,485072E-1
1,751562E+3	8,446217E-1
1,753125E+3	8,405468E-1
1,754687E+3	8,373753E-1
1,756250E+3	8,340782E-1
1,757812E+3	8,308810E-1
1,759375E+3	8,275619E-1
1,760937E+3	8,241123E-1
1,762500E+3	8,205303E-1
1,764062E+3	8,170459E-1
1,765625E+3	8,134279E-1
1,767187E+3	8,096227E-1
1,768750E+3	8,056651E-1
1,770312E+3	8,013043E-1
1,771875E+3	7,967604E-1
1,773437E+3	7,924637E-1
1,775000E+3	7,879979E-1
1,776562E+3	7,834757E-1
1,778125E+3	7,787767E-1
1,779687E+3	7,736776E-1
1,781250E+3	7,683675E-1
1,782812E+3	7,629338E-1
1,784375E+3	7,572753E-1
1,785937E+3	7,511187E-1
1,787500E+3	7,447007E-1
1,789062E+3	7,229607E-1
1,790625E+3	6,986529E-1
1,792187E+3	6,801324E-1
1,793750E+3	6,601877E-1
1,795312E+3	6,477020E-1
1,796875E+3	6,346051E-1
1,798437E+3	6,268237E-1
1,800000E+3	6,188098E-1
1,801562E+3	6,123784E-1
1,803125E+3	6,057887E-1
1,804687E+3	6,023044E-1
1,806250E+3	5,987588E-1
1,807812E+3	5,964931E-1
1,809375E+3	5,941928E-1
1,810937E+3	5,920617E-1
1,812500E+3	5,898989E-1
1,814062E+3	5,877696E-1
1,815625E+3	5,856084E-1
1,817187E+3	5,826092E-1
1,818750E+3	5,795653E-1
1,820312E+3	5,748779E-1
1,821875E+3	5,701109E-1
1,823437E+3	5,564419E-1
1,825000E+3	5,423465E-1
1,826562E+3	5,370084E-1
1,828125E+3	5,315842E-1
1,829687E+3	5,285354E-1
1,831250E+3	5,254460E-1
1,832812E+3	5,231173E-1
1,834375E+3	5,207574E-1
1,835937E+3	5,181684E-1
1,837500E+3	5,155483E-1
1,839062E+3	5,123810E-1
1,840625E+3	5,091799E-1
1,842187E+3	5,044561E-1
1,843750E+3	4,996834E-1
1,845312E+3	4,819114E-1
1,846875E+3	4,638627E-1
1,848437E+3	4,598145E-1
1,850000E+3	4,557290E-1
1,851562E+3	4,537862E-1
1,853125E+3	4,518273E-1
1,854687E+3	4,498715E-1
1,856250E+3	4,479028E-1
1,857812E+3	4,461918E-1
1,859375E+3	4,444695E-1
1,860937E+3	4,425487E-1
1,862500E+3	4,406177E-1
1,864062E+3	4,385378E-1
1,865625E+3	4,364484E-1
1,867187E+3	4,342546E-1
1,868750E+3	4,320499E-1
1,870312E+3	4,299194E-1
1,871875E+3	4,277743E-1
1,873437E+3	4,252719E-1
1,875000E+3	4,227530E-1
1,876562E+3	4,052078E-1
1,878125E+3	3,878112E-1
1,879687E+3	3,844814E-1
1,881250E+3	3,811290E-1
1,882812E+3	3,791421E-1
1,884375E+3	3,771473E-1
1,885937E+3	3,750300E-1
1,887500E+3	3,729105E-1
1,889062E+3	3,417728E-1
1,890625E+3	3,118825E-1
1,892187E+3	3,112056E-1
1,893750E+3	3,105048E-1
1,895312E+3	3,098788E-1
1,896875E+3	3,092423E-1
1,898437E+3	3,084289E-1
1,900000E+3	3,076102E-1
1,901562E+3	3,071566E-1
1,903125E+3	3,066952E-1
1,904687E+3	3,059643E-1
1,906250E+3	3,052283E-1
1,907812E+3	3,044594E-1
1,909375E+3	3,036837E-1
1,910937E+3	3,022948E-1
1,912500E+3	3,008935E-1
1,914062E+3	2,969866E-1
1,915625E+3	2,931100E-1
1,917187E+3	2,891861E-1
1,918750E+3	2,853053E-1
1,920312E+3	2,823931E-1
1,921875E+3	2,795072E-1
1,923437E+3	2,774192E-1
1,925000E+3	2,753448E-1
1,926562E+3	2,741251E-1
1,928125E+3	2,729047E-1
1,929687E+3	2,725525E-1
1,931250E+3	2,721866E-1
1,932812E+3	2,487733E-1
1,934375E+3	2,252644E-1
1,935937E+3	2,241276E-1
1,937500E+3	2,229654E-1
1,939062E+3	2,231319E-1
1,940625E+3	2,232556E-1
1,942187E+3	2,237581E-1
1,943750E+3	2,242178E-1
1,945312E+3	2,249609E-1
1,946875E+3	2,256506E-1
1,948437E+3	2,265698E-1
1,950000E+3	2,274302E-1
1,951562E+3	2,282112E-1
1,953125E+3	2,289394E-1
1,954687E+3	2,291884E-1
1,956250E+3	2,293920E-1
1,957812E+3	2,288625E-1
1,959375E+3	2,282696E-1
1,960937E+3	2,255863E-1
1,962500E+3	2,228303E-1
1,964062E+3	2,201762E-1
1,965625E+3	2,170904E-1
1,967187E+3	2,153903E-1
1,968750E+3	2,131639E-1
1,970312E+3	2,120044E-1
1,971875E+3	2,107584E-1
1,973437E+3	2,103073E-1
1,975000E+3	2,097810E-1
1,976562E+3	2,096873E-1
1,978125E+3	2,095167E-1
1,979687E+3	2,095164E-1
1,981250E+3	2,094441E-1
1,982812E+3	2,092508E-1
1,984375E+3	2,090062E-1
1,985937E+3	2,085255E-1
1,987500E+3	2,080081E-1
1,989062E+3	2,074987E-1
1,990625E+3	2,069467E-1
1,992187E+3	2,064228E-1
1,993750E+3	2,058239E-1
1,995312E+3	2,053047E-1
1,996875E+3	2,045630E-1
1,998437E+3	2,089791E-1
2,000000E+3	1,935048E-1
2,001562E+3	1,930553E-1
2,003125E+3	1,921921E-1
2,004687E+3	1,918694E-1
2,006250E+3	1,911201E-1
2,007812E+3	1,910137E-1
2,009375E+3	1,905555E-1
2,010937E+3	1,905808E-1
2,012500E+3	1,903164E-1
2,014062E+3	1,902350E-1
2,015625E+3	1,898416E-1
2,017187E+3	1,895886E-1
2,018750E+3	1,889027E-1
2,020312E+3	1,883262E-1
2,021875E+3	1,868217E-1
2,023437E+3	1,869980E-1
2,025000E+3	1,826531E-1
2,026562E+3	1,869028E-1
2,028125E+3	1,785531E-1
2,029687E+3	1,789851E-1
2,031250E+3	1,758839E-1
2,032812E+3	1,766150E-1
2,034375E+3	1,752189E-1
2,035937E+3	1,762553E-1
2,037500E+3	1,749620E-1
2,039062E+3	1,763717E-1
2,040625E+3	1,747127E-1
2,042187E+3	1,759674E-1
2,043750E+3	1,737397E-1
2,045312E+3	1,744076E-1
2,046875E+3	1,729077E-1
2,048437E+3	1,734510E-1
2,050000E+3	1,726113E-1
2,051562E+3	1,732370E-1
2,053125E+3	1,728536E-1
2,054687E+3	1,735474E-1
2,056250E+3	1,732258E-1
2,057812E+3	1,740299E-1
2,059375E+3	1,735881E-1
2,060937E+3	1,744724E-1
2,062500E+3	1,736146E-1
2,064062E+3	1,749156E-1
2,065625E+3	1,709853E-1
2,067187E+3	1,716139E-1
2,068750E+3	1,670289E-1
2,070312E+3	1,672314E-1
2,071875E+3	1,665651E-1
2,073437E+3	1,667471E-1
2,075000E+3	1,664719E-1
2,076562E+3	1,668280E-1
2,078125E+3	1,668151E-1
2,079687E+3	1,672329E-1
2,081250E+3	1,673127E-1
2,082812E+3	1,676934E-1
2,084375E+3	1,678086E-1
2,085937E+3	1,682726E-1
2,087500E+3	1,685212E-1
2,089062E+3	1,690205E-1
2,090625E+3	1,693087E-1
2,092187E+3	1,697111E-1
2,093750E+3	1,699283E-1
2,095312E+3	1,697183E-1
2,096875E+3	1,692931E-1
2,098437E+3	1,688754E-1
2,100000E+3	1,682753E-1
2,101562E+3	1,720620E-1
2,103125E+3	1,667459E-1
2,104687E+3	1,667941E-1
2,106250E+3	1,665678E-1
2,107812E+3	1,664382E-1
2,109375E+3	1,660894E-1
2,110937E+3	1,662443E-1
2,112500E+3	1,663437E-1
2,114062E+3	1,665430E-1
2,115625E+3	1,667017E-1
2,117187E+3	1,669678E-1
2,118750E+3	1,671985E-1
2,120312E+3	1,672470E-1
2,121875E+3	1,672447E-1
2,123437E+3	1,674344E-1
2,125000E+3	1,675624E-1
2,126562E+3	1,688169E-1
2,128125E+3	1,694405E-1
2,129687E+3	1,609544E-1
2,131250E+3	1,498452E-1
2,132812E+3	1,500008E-1
2,134375E+3	1,501170E-1
2,135937E+3	1,504956E-1
2,137500E+3	1,508369E-1
2,139062E+3	1,511671E-1
2,140625E+3	1,514270E-1
2,142187E+3	1,523868E-1
2,143750E+3	1,532149E-1
2,145312E+3	1,556421E-1
2,146875E+3	1,571872E-1
2,148437E+3	1,569786E-1
2,150000E+3	1,567496E-1
2,151562E+3	1,567071E-1
2,153125E+3	1,566468E-1
2,154687E+3	1,566743E-1
2,156250E+3	1,566832E-1
2,157812E+3	1,569451E-1
2,159375E+3	1,571923E-1
2,160937E+3	1,575389E-1
2,162500E+3	1,578702E-1
2,164062E+3	1,583789E-1
2,165625E+3	1,588704E-1
2,167187E+3	1,595153E-1
2,168750E+3	1,601303E-1
2,170312E+3	1,611351E-1
2,171875E+3	1,621018E-1
2,173437E+3	1,626735E-1
2,175000E+3	1,631664E-1
2,176562E+3	1,633858E-1
2,178125E+3	1,635241E-1
2,179687E+3	1,699138E-1
2,181250E+3	1,758184E-1
2,182812E+3	1,758040E-1
2,184375E+3	1,757899E-1
2,185937E+3	1,755220E-1
2,187500E+3	1,752518E-1
2,189062E+3	1,751085E-1
2,190625E+3	1,749622E-1
2,192187E+3	1,746343E-1
2,193750E+3	1,742997E-1
2,195312E+3	1,804462E-1
2,196875E+3	1,860800E-1
2,198437E+3	1,860015E-1
2,200000E+3	1,859166E-1
2,201562E+3	1,861227E-1
2,203125E+3	1,863241E-1
2,204687E+3	1,863597E-1
2,206250E+3	1,863895E-1
2,207812E+3	1,865673E-1
2,209375E+3	1,867397E-1
2,210937E+3	1,867796E-1
2,212500E+3	1,868127E-1
2,214062E+3	1,869782E-1
2,215625E+3	1,871369E-1
2,217187E+3	1,872651E-1
2,218750E+3	1,873858E-1
2,220312E+3	1,874847E-1
2,221875E+3	1,875760E-1
2,223437E+3	1,875874E-1
2,225000E+3	1,875907E-1
2,226562E+3	2,006121E-1
2,228125E+3	2,126853E-1
2,229687E+3	2,125569E-1
2,231250E+3	2,124242E-1
2,232812E+3	2,122066E-1
2,234375E+3	2,119828E-1
2,235937E+3	2,121814E-1
2,237500E+3	2,123728E-1
2,239062E+3	2,121892E-1
2,240625E+3	2,119965E-1
2,242187E+3	2,118615E-1
2,243750E+3	2,117168E-1
2,245312E+3	2,297349E-1
2,246875E+3	2,462703E-1
2,248437E+3	2,469252E-1
2,250000E+3	2,475564E-1
2,251562E+3	2,481210E-1
2,253125E+3	2,486608E-1
2,254687E+3	2,489339E-1
2,256250E+3	2,491831E-1
2,257812E+3	2,494832E-1
2,259375E+3	2,497626E-1
2,260937E+3	2,500427E-1
2,262500E+3	2,503022E-1
2,264062E+3	2,506949E-1
2,265625E+3	2,510640E-1
2,267187E+3	2,516838E-1
2,268750E+3	2,522754E-1
2,270312E+3	2,530263E-1
2,271875E+3	2,537429E-1
2,273437E+3	2,546549E-1
2,275000E+3	2,555262E-1
2,276562E+3	2,567322E-1
2,278125E+3	2,578901E-1
2,279687E+3	2,592785E-1
2,281250E+3	2,606097E-1
2,282812E+3	2,620228E-1
2,284375E+3	2,633790E-1
2,285937E+3	2,644807E-1
2,287500E+3	2,655345E-1
2,289062E+3	2,663058E-1
2,290625E+3	2,670378E-1
2,292187E+3	2,676249E-1
2,293750E+3	2,681776E-1
2,295312E+3	2,686543E-1
2,296875E+3	2,690987E-1
2,298437E+3	2,695034E-1
2,300000E+3	2,698755E-1
2,301562E+3	2,704145E-1
2,303125E+3	2,709167E-1
2,304687E+3	2,719390E-1
2,306250E+3	2,729043E-1
2,307812E+3	2,748398E-1
2,309375E+3	2,766805E-1
2,310937E+3	2,781806E-1
2,312500E+3	2,796032E-1
2,314062E+3	2,803766E-1
2,315625E+3	2,810976E-1
2,317187E+3	2,813196E-1
2,318750E+3	2,815031E-1
2,320312E+3	2,813240E-1
2,321875E+3	2,811137E-1
2,323437E+3	2,888999E-1
2,325000E+3	2,953351E-1
2,326562E+3	3,019087E-1
2,328125E+3	3,072021E-1
2,329687E+3	3,068385E-1
2,331250E+3	3,064541E-1
2,332812E+3	3,063307E-1
2,334375E+3	3,061835E-1
2,335937E+3	3,060721E-1
2,337500E+3	3,059358E-1
2,339062E+3	3,055812E-1
2,340625E+3	3,052035E-1
2,342187E+3	3,051593E-1
2,343750E+3	3,050892E-1
2,345312E+3	3,053464E-1
2,346875E+3	3,055751E-1
2,348437E+3	3,060935E-1
2,350000E+3	3,065813E-1
2,351562E+3	3,068667E-1
2,353125E+3	3,071252E-1
2,354687E+3	3,228214E-1
2,356250E+3	3,338819E-1
2,357812E+3	3,584144E-1
2,359375E+3	3,725612E-1
2,360937E+3	3,725090E-1
2,362500E+3	3,723877E-1
2,364062E+3	3,721529E-1
2,365625E+3	3,718552E-1
2,367187E+3	3,716062E-1
2,368750E+3	3,712929E-1
2,370312E+3	3,710563E-1
2,371875E+3	3,707332E-1
2,373437E+3	3,720022E-1
2,375000E+3	3,729252E-1
2,376562E+3	3,821372E-1
2,378125E+3	3,879679E-1
2,379687E+3	3,947233E-1
2,381250E+3	3,994087E-1
2,382812E+3	4,013951E-1
2,384375E+3	4,028859E-1
2,385937E+3	4,039372E-1
2,387500E+3	4,046774E-1
2,389062E+3	4,050789E-1
2,390625E+3	4,052098E-1
2,392187E+3	4,055704E-1
2,393750E+3	4,056657E-1
2,395312E+3	4,066531E-1
2,396875E+3	4,071124E-1
2,398437E+3	4,397043E-1
2,400000E+3	4,347994E-1
2,401562E+3	4,356156E-1
2,403125E+3	4,357258E-1
2,404687E+3	4,359770E-1
2,406250E+3	4,357621E-1
2,407812E+3	4,361051E-1
2,409375E+3	4,360422E-1
2,410937E+3	4,359398E-1
2,412500E+3	4,354564E-1
2,414062E+3	4,351217E-1
2,415625E+3	4,344401E-1
2,417187E+3	4,340576E-1
2,418750E+3	4,333556E-1
2,420312E+3	4,326095E-1
2,421875E+3	4,315187E-1
2,423437E+3	4,700724E-1
2,425000E+3	4,469812E-1
2,426562E+3	4,482333E-1
2,428125E+3	4,464889E-1
2,429687E+3	4,469248E-1
2,431250E+3	4,456108E-1
2,432812E+3	4,456715E-1
2,434375E+3	4,442852E-1
2,435937E+3	4,443075E-1
2,437500E+3	4,429795E-1
2,439062E+3	4,432934E-1
2,440625E+3	4,423795E-1
2,442187E+3	4,423493E-1
2,443750E+3	4,410250E-1
2,445312E+3	4,415803E-1
2,446875E+3	4,409818E-1
2,448437E+3	4,417516E-1
2,450000E+3	4,409155E-1
2,451562E+3	6,214044E-1
2,453125E+3	4,347785E-1
2,454687E+3	4,352066E-1
2,456250E+3	4,354770E-1
2,457812E+3	4,356105E-1
2,459375E+3	4,355611E-1
2,460937E+3	4,351867E-1
2,462500E+3	4,345773E-1
2,464062E+3	4,346177E-1
2,465625E+3	4,344462E-1
2,467187E+3	4,340796E-1
2,468750E+3	4,333428E-1
2,470312E+3	4,323119E-1
2,471875E+3	4,296914E-1
2,473437E+3	4,283586E-1
2,475000E+3	4,225677E-1
2,476562E+3	4,223916E-1
2,478125E+3	4,219396E-1
2,479687E+3	4,221032E-1
2,481250E+3	4,221146E-1
2,482812E+3	4,217582E-1
2,484375E+3	4,212399E-1
2,485937E+3	4,206579E-1
2,487500E+3	4,199183E-1
2,489062E+3	4,192314E-1
2,490625E+3	4,183935E-1
2,492187E+3	4,144294E-1
2,493750E+3	3,941223E-1
2,495312E+3	3,939894E-1
2,496875E+3	3,937278E-1
2,498437E+3	3,939932E-1
2,500000E+3	3,941614E-1
2,501562E+3	3,946137E-1
2,503125E+3	3,949778E-1
2,504687E+3	3,955735E-1
2,506250E+3	3,960761E-1
2,507812E+3	3,966016E-1
2,509375E+3	3,970061E-1
2,510937E+3	3,965305E-1
2,512500E+3	3,958005E-1
2,514062E+3	3,938497E-1
2,515625E+3	3,915326E-1
2,517187E+3	3,886362E-1
2,518750E+3	3,853978E-1
2,520312E+3	3,550145E-1
2,521875E+3	2,951755E-1
2,523437E+3	2,952175E-1
2,525000E+3	2,952296E-1
2,526562E+3	2,948961E-1
2,528125E+3	2,945233E-1
2,529687E+3	2,946401E-1
2,531250E+3	2,947237E-1
2,532812E+3	2,946924E-1
2,534375E+3	2,946236E-1
2,535937E+3	2,952839E-1
2,537500E+3	2,959190E-1
2,539062E+3	2,965633E-1
2,540625E+3	2,971823E-1
2,542187E+3	2,977199E-1
2,543750E+3	2,982312E-1
2,545312E+3	2,985380E-1
2,546875E+3	2,988121E-1
2,548437E+3	2,967028E-1
2,550000E+3	2,944422E-1
2,551562E+3	2,813331E-1
2,553125E+3	2,651026E-1
2,554687E+3	2,616373E-1
2,556250E+3	2,576058E-1
2,557812E+3	2,567874E-1
2,559375E+3	2,559212E-1
2,560937E+3	2,552337E-1
2,562500E+3	2,545050E-1
2,564062E+3	2,535578E-1
2,565625E+3	2,525617E-1
2,567187E+3	2,510057E-1
2,568750E+3	2,493707E-1
2,570312E+3	2,435104E-1
2,571875E+3	2,368511E-1
2,573437E+3	2,366052E-1
2,575000E+3	2,362855E-1
2,576562E+3	2,360551E-1
2,578125E+3	2,358004E-1
2,579687E+3	2,354497E-1
2,581250E+3	2,350741E-1
2,582812E+3	2,346576E-1
2,584375E+3	2,342127E-1
2,585937E+3	2,340423E-1
2,587500E+3	2,338442E-1
2,589062E+3	2,335320E-1
2,590625E+3	2,331881E-1
2,592187E+3	2,325263E-1
2,593750E+3	2,318254E-1
2,595312E+3	2,307114E-1
2,596875E+3	2,295511E-1
2,598437E+3	2,280099E-1
2,600000E+3	2,264155E-1
2,601562E+3	2,244968E-1
2,603125E+3	2,225104E-1
2,604687E+3	2,202996E-1
2,606250E+3	2,179992E-1
2,607812E+3	2,159429E-1
2,609375E+3	2,137583E-1
2,610937E+3	2,129454E-1
2,612500E+3	2,120106E-1
2,614062E+3	2,117810E-1
2,615625E+3	2,115114E-1
2,617187E+3	2,112789E-1
2,618750E+3	2,110171E-1
2,620312E+3	2,031626E-1
2,621875E+3	1,946896E-1
2,623437E+3	1,947473E-1
2,625000E+3	1,947954E-1
2,626562E+3	1,946486E-1
2,628125E+3	1,944924E-1
2,629687E+3	1,943254E-1
2,631250E+3	1,941476E-1
2,632812E+3	1,940128E-1
2,634375E+3	1,938655E-1
2,635937E+3	1,933866E-1
2,637500E+3	1,928846E-1
2,639062E+3	1,906571E-1
2,640625E+3	1,883095E-1
2,642187E+3	1,873890E-1
2,643750E+3	1,864283E-1
2,645312E+3	1,857760E-1
2,646875E+3	1,850918E-1
2,648437E+3	1,838605E-1
2,650000E+3	1,825827E-1
2,651562E+3	1,812052E-1
2,653125E+3	1,797576E-1
2,654687E+3	1,790496E-1
2,656250E+3	1,782825E-1
2,657812E+3	1,774367E-1
2,659375E+3	1,765327E-1
2,660937E+3	1,751162E-1
2,662500E+3	1,736566E-1
2,664062E+3	1,724229E-1
2,665625E+3	1,711630E-1
2,667187E+3	1,706349E-1
2,668750E+3	1,700843E-1
2,670312E+3	1,696587E-1
2,671875E+3	1,692082E-1
2,673437E+3	1,685617E-1
2,675000E+3	1,678795E-1
2,676562E+3	1,670248E-1
2,678125E+3	1,660851E-1
2,679687E+3	1,654475E-1
2,681250E+3	1,647458E-1
2,682812E+3	1,645480E-1
2,684375E+3	1,643097E-1
2,685937E+3	1,641470E-1
2,687500E+3	1,639504E-1
2,689062E+3	1,637821E-1
2,690625E+3	1,635839E-1
2,692187E+3	1,634223E-1
2,693750E+3	1,632254E-1
2,695312E+3	1,628874E-1
2,696875E+3	1,625115E-1
2,698437E+3	1,619140E-1
2,700000E+3	1,612828E-1
2,701562E+3	1,607947E-1
2,703125E+3	1,602611E-1
2,704687E+3	1,601519E-1
2,706250E+3	1,599777E-1
2,707812E+3	1,509031E-1
2,709375E+3	1,418312E-1
2,710937E+3	1,414828E-1
2,712500E+3	1,411332E-1
2,714062E+3	1,406872E-1
2,715625E+3	1,402384E-1
2,717187E+3	1,422383E-1
2,718750E+3	1,426728E-1
2,720312E+3	1,418365E-1
2,721875E+3	1,410047E-1
2,723437E+3	1,408416E-1
2,725000E+3	1,406762E-1
2,726562E+3	1,401408E-1
2,728125E+3	1,396052E-1
2,729687E+3	1,395185E-1
2,731250E+3	1,394242E-1
2,732812E+3	1,390969E-1
2,734375E+3	1,387614E-1
2,735937E+3	1,385827E-1
2,737500E+3	1,383840E-1
2,739062E+3	1,381484E-1
2,740625E+3	1,377994E-1
2,742187E+3	1,385804E-1
2,743750E+3	1,390236E-1
2,745312E+3	1,390149E-1
2,746875E+3	1,389383E-1
2,748437E+3	1,388393E-1
2,750000E+3	1,386116E-1
2,751562E+3	1,384888E-1
2,753125E+3	1,380581E-1
2,754687E+3	1,381427E-1
2,756250E+3	1,380550E-1
2,757812E+3	1,387914E-1
2,759375E+3	1,390530E-1
2,760937E+3	1,397473E-1
2,762500E+3	1,399935E-1
2,764062E+3	1,404030E-1
2,765625E+3	1,406127E-1
2,767187E+3	1,409895E-1
2,768750E+3	1,412234E-1
2,770312E+3	1,415798E-1
2,771875E+3	1,417800E-1
2,773437E+3	1,420813E-1
2,775000E+3	1,422008E-1
2,776562E+3	1,424948E-1
2,778125E+3	1,426337E-1
2,779687E+3	1,428606E-1
2,781250E+3	1,429618E-1
2,782812E+3	1,432246E-1
2,784375E+3	1,433578E-1
2,785937E+3	1,436499E-1
2,787500E+3	1,437651E-1
2,789062E+3	1,442937E-1
2,790625E+3	1,444748E-1
2,792187E+3	1,455381E-1
2,793750E+3	1,458887E-1
2,795312E+3	1,469167E-1
2,796875E+3	1,473235E-1
2,798437E+3	1,482001E-1
2,800000E+3	1,483720E-1
2,801562E+3	1,502877E-1
2,803125E+3	1,503695E-1
2,804687E+3	1,524509E-1
2,806250E+3	1,527881E-1
2,807812E+3	1,536535E-1
2,809375E+3	1,540687E-1
2,810937E+3	1,546440E-1
2,812500E+3	1,549062E-1
2,814062E+3	1,553388E-1
2,815625E+3	1,554766E-1
2,817187E+3	1,559880E-1
2,818750E+3	1,562062E-1
2,820312E+3	1,567850E-1
2,821875E+3	1,570461E-1
2,823437E+3	1,576366E-1
2,825000E+3	1,578490E-1
2,826562E+3	1,585759E-1
2,828125E+3	1,588544E-1
2,829687E+3	1,595778E-1
2,831250E+3	1,597357E-1
2,832812E+3	1,605407E-1
2,834375E+3	1,607261E-1
2,835937E+3	1,615119E-1
2,837500E+3	1,616745E-1
2,839062E+3	1,624107E-1
2,840625E+3	1,625559E-1
2,842187E+3	1,632477E-1
2,843750E+3	1,633679E-1
2,845312E+3	1,639969E-1
2,846875E+3	1,640369E-1
2,848437E+3	1,648199E-1
2,850000E+3	1,650468E-1
2,851562E+3	1,656560E-1
2,853125E+3	1,656589E-1
2,854687E+3	1,663155E-1
2,856250E+3	1,663882E-1
2,857812E+3	1,671277E-1
2,859375E+3	1,672508E-1
2,860937E+3	1,808440E-1
2,862500E+3	1,708534E-1
2,864062E+3	1,764417E-1
2,865625E+3	1,733965E-1
2,867187E+3	1,798069E-1
2,868750E+3	1,765439E-1
2,870312E+3	1,805482E-1
2,871875E+3	1,794890E-1
2,873437E+3	1,819384E-1
2,875000E+3	1,819559E-1
2,876562E+3	1,839065E-1
2,878125E+3	1,843618E-1
2,879687E+3	1,860142E-1
2,881250E+3	1,865712E-1
2,882812E+3	1,880850E-1
2,884375E+3	1,886835E-1
2,885937E+3	1,903782E-1
2,887500E+3	1,910877E-1
2,889062E+3	1,933712E-1
2,890625E+3	1,944299E-1
2,892187E+3	1,972611E-1
2,893750E+3	1,988099E-1
2,895312E+3	2,013464E-1
2,896875E+3	2,031679E-1
2,898437E+3	2,049926E-1
2,900000E+3	2,064973E-1
2,901562E+3	2,079292E-1
2,903125E+3	2,091666E-1
2,904687E+3	2,105104E-1
2,906250E+3	2,116690E-1
2,907812E+3	2,133047E-1
2,909375E+3	2,146533E-1
2,910937E+3	2,171588E-1
2,912500E+3	2,192326E-1
2,914062E+3	2,212503E-1
2,915625E+3	2,230560E-1
2,917187E+3	2,247299E-1
2,918750E+3	2,262662E-1
2,920312E+3	2,283604E-1
2,921875E+3	2,302898E-1
2,923437E+3	2,340693E-1
2,925000E+3	2,375884E-1
2,926562E+3	2,410017E-1
2,928125E+3	2,442352E-1
2,929687E+3	2,459825E-1
2,931250E+3	2,476876E-1
2,932812E+3	2,490086E-1
2,934375E+3	2,503269E-1
2,935937E+3	2,514217E-1
2,937500E+3	2,525130E-1
2,939062E+3	2,535198E-1
2,940625E+3	2,545202E-1
2,942187E+3	2,556339E-1
2,943750E+3	2,567452E-1
2,945312E+3	2,577034E-1
2,946875E+3	2,586551E-1
2,948437E+3	2,810954E-1
2,950000E+3	3,028105E-1
2,951562E+3	3,033351E-1
2,953125E+3	3,038574E-1
2,954687E+3	3,043919E-1
2,956250E+3	3,049252E-1
2,957812E+3	3,056630E-1
2,959375E+3	3,063982E-1
2,960937E+3	3,085491E-1
2,962500E+3	3,107054E-1
2,964062E+3	3,130257E-1
2,965625E+3	3,153599E-1
2,967187E+3	3,172278E-1
2,968750E+3	3,191058E-1
2,970312E+3	3,209450E-1
2,971875E+3	3,227941E-1
2,973437E+3	3,245069E-1
2,975000E+3	3,262252E-1
2,976562E+3	3,281754E-1
2,978125E+3	3,301344E-1
2,979687E+3	3,320120E-1
2,981250E+3	3,338958E-1
2,982812E+3	3,642311E-1
2,984375E+3	3,950794E-1
2,985937E+3	3,964993E-1
2,987500E+3	3,979209E-1
2,989062E+3	3,993757E-1
2,990625E+3	4,008314E-1
2,992187E+3	4,022626E-1
2,993750E+3	4,036949E-1
2,995312E+3	4,049892E-1
2,996875E+3	4,062839E-1
2,998437E+3	4,075114E-1
3,000000E+3	4,087386E-1
3,001562E+3	4,104845E-1
3,003125E+3	4,122275E-1
3,004687E+3	4,273088E-1
3,006250E+3	4,425360E-1
3,007812E+3	4,478372E-1
3,009375E+3	4,531331E-1
3,010937E+3	4,578627E-1
3,012500E+3	4,625834E-1
3,014062E+3	4,677420E-1
3,015625E+3	4,728889E-1
3,017187E+3	4,780940E-1
3,018750E+3	4,832834E-1
3,020312E+3	4,883714E-1
3,021875E+3	4,934367E-1
3,023437E+3	4,994041E-1
3,025000E+3	5,053355E-1
3,026562E+3	5,114364E-1
3,028125E+3	5,174970E-1
3,029687E+3	5,236641E-1
3,031250E+3	5,297870E-1
3,032812E+3	5,356824E-1
3,034375E+3	5,415317E-1
3,035937E+3	5,474504E-1
3,037500E+3	5,533160E-1
3,039062E+3	5,595418E-1
3,040625E+3	5,657025E-1
3,042187E+3	5,731944E-1
3,043750E+3	5,805958E-1
3,045312E+3	5,926996E-1
3,046875E+3	6,045909E-1
3,048437E+3	6,170871E-1
3,050000E+3	6,293172E-1
3,051562E+3	6,357775E-1
3,053125E+3	6,421314E-1
3,054687E+3	6,481989E-1
3,056250E+3	6,541642E-1
3,057812E+3	6,623798E-1
3,059375E+3	6,704192E-1
3,060937E+3	6,889563E-1
3,062500E+3	7,067022E-1
3,064062E+3	7,157896E-1
3,065625E+3	7,246140E-1
3,067187E+3	7,296689E-1
3,068750E+3	7,346155E-1
3,070312E+3	7,390932E-1
3,071875E+3	7,434774E-1
3,073437E+3	7,481221E-1
3,075000E+3	7,526635E-1
3,076562E+3	7,580133E-1
3,078125E+3	7,632282E-1
3,079687E+3	7,711742E-1
3,081250E+3	7,788471E-1
3,082812E+3	7,886032E-1
3,084375E+3	7,979451E-1
3,085937E+3	8,063991E-1
3,087500E+3	8,145009E-1
3,089062E+3	8,216482E-1
3,090625E+3	8,285077E-1
3,092187E+3	8,371884E-1
3,093750E+3	8,454355E-1
3,095312E+3	8,545749E-1
3,096875E+3	8,632010E-1
3,098437E+3	8,688404E-1
3,100000E+3	8,742404E-1
3,101562E+3	8,783626E-1
3,103125E+3	8,823361E-1
3,104687E+3	8,864079E-1
3,106250E+3	8,903281E-1
3,107812E+3	8,959348E-1
3,109375E+3	9,012654E-1
3,110937E+3	9,101868E-1
3,112500E+3	9,184052E-1
3,114062E+3	9,269580E-1
3,115625E+3	9,347595E-1
3,117187E+3	9,416986E-1
3,118750E+3	9,480436E-1
3,120312E+3	9,529196E-1
3,121875E+3	9,574348E-1
3,123437E+3	9,614339E-1
3,125000E+3	9,651439E-1
3,126562E+3	9,731199E-1
3,128125E+3	9,797794E-1
3,129687E+3	9,838598E-1
3,131250E+3	9,873708E-1
3,132812E+3	9,881498E-1
3,134375E+3	9,888934E-1
3,135937E+3	9,895965E-1
3,137500E+3	9,902673E-1
3,139062E+3	9,909951E-1
3,140625E+3	9,916839E-1
3,142187E+3	9,925296E-1
3,143750E+3	9,933126E-1
3,145312E+3	9,945756E-1
3,146875E+3	9,956326E-1
3,148437E+3	9,966059E-1
3,150000E+3	9,970728E-1
3,151562E+3	9,969369E-1
3,153125E+3	9,967135E-1
3,154687E+3	9,964577E-1
3,156250E+3	9,961739E-1
3,157812E+3	9,958613E-1
3,159375E+3	9,955282E-1
3,160937E+3	9,951546E-1
3,162500E+3	9,947644E-1
3,164062E+3	9,942464E-1
3,165625E+3	9,937047E-1
3,167187E+3	9,879713E-1
3,168750E+3	9,803543E-1
3,170312E+3	9,771710E-1
3,171875E+3	9,737568E-1
3,173437E+3	9,714478E-1
3,175000E+3	9,690358E-1
3,176562E+3	9,617080E-1
3,178125E+3	9,533848E-1
3,179687E+3	9,503181E-1
3,181250E+3	9,470699E-1
3,182812E+3	9,457989E-1
3,184375E+3	9,444873E-1
3,185937E+3	9,432848E-1
3,187500E+3	9,420472E-1
3,189062E+3	9,407439E-1
3,190625E+3	9,394018E-1
3,192187E+3	9,377281E-1
3,193750E+3	9,359996E-1
3,195312E+3	9,332769E-1
3,196875E+3	9,304327E-1
3,198437E+3	9,211443E-1
3,200000E+3	9,106051E-1
3,201562E+3	9,086217E-1
3,203125E+3	9,065524E-1
3,204687E+3	9,051873E-1
3,206250E+3	9,037737E-1
3,207812E+3	9,024424E-1
3,209375E+3	9,010662E-1
3,210937E+3	8,996414E-1
3,212500E+3	8,981692E-1
3,214062E+3	8,965393E-1
3,215625E+3	8,948543E-1
3,217187E+3	8,929268E-1
3,218750E+3	8,909270E-1
3,220312E+3	8,881660E-1
3,221875E+3	8,852743E-1
3,223437E+3	8,792032E-1
3,225000E+3	8,726582E-1
3,226562E+3	8,624335E-1
3,228125E+3	8,509700E-1
3,229687E+3	8,476725E-1
3,231250E+3	8,442000E-1
3,232812E+3	8,417035E-1
3,234375E+3	8,390962E-1
3,235937E+3	8,363821E-1
3,237500E+3	8,335399E-1
3,239062E+3	8,297293E-1
3,240625E+3	8,256916E-1
3,242187E+3	8,221082E-1
3,243750E+3	8,183052E-1
3,245312E+3	8,158186E-1
3,246875E+3	8,132128E-1
3,248437E+3	8,110553E-1
3,250000E+3	8,088089E-1
3,251562E+3	8,063814E-1
3,253125E+3	8,038554E-1
3,254687E+3	8,005907E-1
3,256250E+3	7,971726E-1
3,257812E+3	7,928044E-1
3,259375E+3	7,881664E-1
3,260937E+3	7,846237E-1
3,262500E+3	7,808635E-1
3,264062E+3	7,780522E-1
3,265625E+3	7,750768E-1
3,267187E+3	7,723534E-1
3,268750E+3	7,694885E-1
3,270312E+3	7,664461E-1
3,271875E+3	7,632528E-1
3,273437E+3	7,610905E-1
3,275000E+3	7,588363E-1
3,276562E+3	7,573886E-1
3,278125E+3	7,558862E-1
3,279687E+3	7,547179E-1
3,281250E+3	7,535078E-1
3,282812E+3	7,523463E-1
3,284375E+3	7,511451E-1
3,285937E+3	7,499443E-1
3,287500E+3	7,487010E-1
3,289062E+3	7,472208E-1
3,290625E+3	7,456795E-1
3,292187E+3	7,420727E-1
3,293750E+3	7,381617E-1
3,295312E+3	7,362568E-1
3,296875E+3	7,342122E-1
3,298437E+3	7,331088E-1
3,300000E+3	7,319503E-1
3,301562E+3	7,308811E-1
3,303125E+3	7,297659E-1
3,304687E+3	7,285260E-1
3,306250E+3	7,272314E-1
3,307812E+3	7,254964E-1
3,309375E+3	7,236210E-1
3,310937E+3	7,224700E-1
3,312500E+3	7,210064E-1
3,314062E+3	7,203105E-1
3,315625E+3	7,195314E-1
3,317187E+3	7,186417E-1
3,318750E+3	7,176776E-1
3,320312E+3	7,166047E-1
3,321875E+3	7,154432E-1
3,323437E+3	7,147525E-1
3,325000E+3	7,139818E-1
3,326562E+3	7,135037E-1
3,328125E+3	7,129721E-1
3,329687E+3	7,124237E-1
3,331250E+3	7,118352E-1
3,332812E+3	7,111857E-1
3,334375E+3	7,105033E-1
3,335937E+3	7,097718E-1
3,337500E+3	7,090129E-1
3,339062E+3	7,080423E-1
3,340625E+3	7,070465E-1
3,342187E+3	7,147505E-1
3,343750E+3	7,168240E-1
3,345312E+3	7,165647E-1
3,346875E+3	7,162749E-1
3,348437E+3	7,158654E-1
3,350000E+3	7,154219E-1
3,351562E+3	7,149136E-1
3,353125E+3	7,143689E-1
3,354687E+3	7,137460E-1
3,356250E+3	7,130836E-1
3,357812E+3	7,124165E-1
3,359375E+3	7,117072E-1
3,360937E+3	7,111084E-1
3,362500E+3	7,104448E-1
3,364062E+3	7,128634E-1
3,365625E+3	7,133505E-1
3,367187E+3	7,140629E-1
3,368750E+3	7,144639E-1
3,370312E+3	7,195783E-1
3,371875E+3	7,231257E-1
3,373437E+3	7,241135E-1
3,375000E+3	7,248536E-1
3,376562E+3	7,252688E-1
3,378125E+3	7,254862E-1
3,379687E+3	7,260035E-1
3,381250E+3	7,262904E-1
3,382812E+3	7,276158E-1
3,384375E+3	7,285215E-1
3,385937E+3	7,315365E-1
3,387500E+3	7,336966E-1
3,389062E+3	7,380689E-1
3,390625E+3	7,409309E-1
3,392187E+3	7,443981E-1
3,393750E+3	7,468422E-1
3,395312E+3	7,497365E-1
3,396875E+3	7,517796E-1
3,398437E+3	7,536632E-1
3,400000E+3	7,549966E-1
3,401562E+3	7,564243E-1
3,403125E+3	7,573692E-1
3,404687E+3	7,592033E-1
3,406250E+3	7,604254E-1
3,407812E+3	7,633562E-1
3,409375E+3	7,652352E-1
3,410937E+3	7,680047E-1
3,412500E+3	7,696951E-1
3,414062E+3	7,705961E-1
3,415625E+3	7,710823E-1
3,417187E+3	7,712601E-1
3,418750E+3	7,712321E-1
3,420312E+3	7,711916E-1
3,421875E+3	7,709674E-1
3,423437E+3	7,709388E-1
3,425000E+3	7,707341E-1
3,426562E+3	7,708714E-1
3,428125E+3	7,707850E-1
3,429687E+3	7,934685E-1
3,431250E+3	7,981984E-1
3,432812E+3	7,999286E-1
3,434375E+3	8,008865E-1
3,435937E+3	8,021042E-1
3,437500E+3	8,027598E-1
3,439062E+3	8,039948E-1
3,440625E+3	8,047073E-1
3,442187E+3	8,061151E-1
3,443750E+3	8,069647E-1
3,445312E+3	8,086271E-1
3,446875E+3	8,096432E-1
3,448437E+3	8,122065E-1
3,450000E+3	8,137603E-1
3,451562E+3	8,169893E-1
3,453125E+3	8,189222E-1
3,454687E+3	8,208027E-1
3,456250E+3	8,219701E-1
3,457812E+3	8,238513E-1
3,459375E+3	8,249680E-1
3,460937E+3	8,267610E-1
3,462500E+3	8,278929E-1
3,464062E+3	8,290798E-1
3,465625E+3	8,298660E-1
3,467187E+3	8,311148E-1
3,468750E+3	8,319292E-1
3,470312E+3	8,384102E-1
3,471875E+3	8,413874E-1
3,473437E+3	8,429904E-1
3,475000E+3	8,440648E-1
3,476562E+3	8,446199E-1
3,478125E+3	8,449438E-1
3,479687E+3	8,454357E-1
3,481250E+3	8,456369E-1
3,482812E+3	8,482928E-1
3,484375E+3	8,494311E-1
3,485937E+3	8,504228E-1
3,487500E+3	8,510672E-1
3,489062E+3	8,513091E-1
3,490625E+3	8,514328E-1
3,492187E+3	8,515362E-1
3,493750E+3	8,515532E-1
3,495312E+3	8,516017E-1
3,496875E+3	8,515627E-1
3,498437E+3	8,515884E-1
3,500000E+3	8,515223E-1
3,501562E+3	8,515154E-1
3,503125E+3	8,513689E-1
3,504687E+3	8,577623E-1
3,506250E+3	8,509298E-1
3,507812E+3	8,509461E-1
3,509375E+3	8,509266E-1
3,510937E+3	8,508750E-1
3,512500E+3	8,507847E-1
3,514062E+3	8,504802E-1
3,515625E+3	8,501203E-1
3,517187E+3	8,496932E-1
3,518750E+3	8,491956E-1
3,520312E+3	8,467168E-1
3,521875E+3	8,417660E-1
3,523437E+3	8,414752E-1
3,525000E+3	8,411120E-1
3,526562E+3	8,408318E-1
3,528125E+3	8,404998E-1
3,529687E+3	8,401787E-1
3,531250E+3	8,398134E-1
3,532812E+3	8,264532E-1
3,534375E+3	7,938720E-1
3,535937E+3	7,929878E-1
3,537500E+3	7,920626E-1
3,539062E+3	7,913262E-1
3,540625E+3	7,905489E-1
3,542187E+3	7,897630E-1
3,543750E+3	7,889332E-1
3,545312E+3	7,878392E-1
3,546875E+3	7,866914E-1
3,548437E+3	7,856021E-1
3,550000E+3	7,844538E-1
3,551562E+3	7,828860E-1
3,553125E+3	7,812271E-1
3,554687E+3	7,782360E-1
3,556250E+3	7,750118E-1
3,557812E+3	7,703581E-1
3,559375E+3	7,652083E-1
3,560937E+3	7,614330E-1
3,562500E+3	7,573378E-1
3,564062E+3	7,544565E-1
3,565625E+3	7,513840E-1
3,567187E+3	7,484371E-1
3,568750E+3	7,453109E-1
3,570312E+3	7,420997E-1
3,571875E+3	7,386949E-1
3,573437E+3	7,348593E-1
3,575000E+3	7,307889E-1
3,576562E+3	7,268854E-1
3,578125E+3	7,227544E-1
3,579687E+3	7,190460E-1
3,581250E+3	7,151443E-1
3,582812E+3	7,119414E-1
3,584375E+3	7,085899E-1
3,585937E+3	7,054259E-1
3,587500E+3	7,021282E-1
3,589062E+3	6,988142E-1
3,590625E+3	6,953703E-1
3,592187E+3	6,918033E-1
3,593750E+3	6,881029E-1
3,595312E+3	6,844797E-1
3,596875E+3	6,807246E-1
3,598437E+3	6,770402E-1
3,600000E+3	6,732243E-1
3,601562E+3	6,692342E-1
3,603125E+3	6,651045E-1
3,604687E+3	6,610133E-1
3,606250E+3	6,567862E-1
3,607812E+3	6,520274E-1
3,609375E+3	6,471143E-1
3,610937E+3	6,422441E-1
3,612500E+3	6,372163E-1
3,614062E+3	6,329365E-1
3,615625E+3	6,285329E-1
3,617187E+3	6,248217E-1
3,618750E+3	6,210144E-1
3,620312E+3	6,171734E-1
3,621875E+3	6,132410E-1
3,623437E+3	6,082802E-1
3,625000E+3	6,031995E-1
3,626562E+3	5,972203E-1
3,628125E+3	5,910976E-1
3,629687E+3	5,858575E-1
3,631250E+3	5,805122E-1
3,632812E+3	5,771524E-1
3,634375E+3	5,737303E-1
3,635937E+3	5,715824E-1
3,637500E+3	5,693950E-1
3,639062E+3	5,677206E-1
3,640625E+3	5,660136E-1
3,642187E+3	5,643171E-1
3,643750E+3	5,625906E-1
3,645312E+3	5,612738E-1
3,646875E+3	5,599312E-1
3,648437E+3	5,230854E-1
3,650000E+3	4,849445E-1
3,651562E+3	4,843008E-1
3,653125E+3	4,836488E-1
3,654687E+3	4,828799E-1
3,656250E+3	4,821029E-1
3,657812E+3	4,812078E-1
3,659375E+3	4,803056E-1
3,660937E+3	4,792649E-1
3,662500E+3	4,782187E-1
3,664062E+3	4,772376E-1
3,665625E+3	4,762522E-1
3,667187E+3	4,755502E-1
3,668750E+3	4,748447E-1
3,670312E+3	4,739986E-1
3,671875E+3	4,731510E-1
3,673437E+3	4,721155E-1
3,675000E+3	4,710799E-1
3,676562E+3	4,544811E-1
3,678125E+3	4,372195E-1
3,679687E+3	4,318533E-1
3,681250E+3	4,263818E-1
3,682812E+3	4,229241E-1
3,684375E+3	4,194262E-1
3,685937E+3	4,162458E-1
3,687500E+3	4,130391E-1
3,689062E+3	4,103622E-1
3,690625E+3	4,076446E-1
3,692187E+3	4,046600E-1
3,693750E+3	4,016180E-1
3,695312E+3	3,985803E-1
3,696875E+3	3,954734E-1
3,698437E+3	3,923440E-1
3,700000E+3	3,891682E-1
3,701562E+3	3,541777E-1
3,703125E+3	3,221262E-1
3,704687E+3	3,195302E-1
3,706250E+3	3,167439E-1
3,707812E+3	3,140836E-1
3,709375E+3	3,113184E-1
3,710937E+3	3,081644E-1
3,712500E+3	3,049305E-1
3,714062E+3	3,022150E-1
3,715625E+3	2,993652E-1
3,717187E+3	2,974292E-1
3,718750E+3	2,953058E-1
3,720312E+3	2,932454E-1
3,721875E+3	2,909338E-1
3,723437E+3	2,881678E-1
3,725000E+3	2,850297E-1
3,726562E+3	2,814688E-1
3,728125E+3	2,773001E-1
3,729687E+3	2,755830E-1
3,731250E+3	2,731281E-1
3,732812E+3	2,725036E-1
3,734375E+3	2,716344E-1
3,735937E+3	2,709093E-1
3,737500E+3	2,700442E-1
3,739062E+3	2,693142E-1
3,740625E+3	2,684514E-1
3,742187E+3	2,674652E-1
3,743750E+3	2,663228E-1
3,745312E+3	2,652402E-1
3,746875E+3	2,639056E-1
3,748437E+3	2,600206E-1
3,750000E+3	2,456160E-1
3,751562E+3	2,444196E-1
3,753125E+3	2,424918E-1
3,754687E+3	2,415571E-1
3,756250E+3	2,398425E-1
3,757812E+3	2,391468E-1
3,759375E+3	2,372166E-1
3,760937E+3	2,372158E-1
3,762500E+3	2,344626E-1
3,764062E+3	2,348527E-1
3,765625E+3	2,299641E-1
3,767187E+3	2,295182E-1
3,768750E+3	2,252649E-1
3,770312E+3	2,252972E-1
3,771875E+3	2,218016E-1
3,773437E+3	2,220530E-1
3,775000E+3	2,187725E-1
3,776562E+3	2,189919E-1
3,778125E+3	2,154581E-1
3,779687E+3	2,149698E-1
3,781250E+3	2,106075E-1
3,782812E+3	2,101311E-1
3,784375E+3	2,054934E-1
3,785937E+3	2,058738E-1
3,787500E+3	2,018191E-1
3,789062E+3	2,029490E-1
3,790625E+3	2,001639E-1
3,792187E+3	2,002099E-1
3,793750E+3	1,978191E-1
3,795312E+3	1,968762E-1
3,796875E+3	1,941579E-1
3,798437E+3	1,927097E-1
3,800000E+3	1,893287E-1
3,801562E+3	1,884434E-1
3,803125E+3	1,857777E-1
3,804687E+3	1,858382E-1
3,806250E+3	1,848571E-1
3,807812E+3	1,852115E-1
3,809375E+3	1,849385E-1
3,810937E+3	1,852341E-1
3,812500E+3	1,849003E-1
3,814062E+3	1,843702E-1
3,815625E+3	1,812906E-1
3,817187E+3	1,789967E-1
3,818750E+3	1,744230E-1
3,820312E+3	1,731907E-1
3,821875E+3	1,707742E-1
3,823437E+3	1,726832E-1
3,825000E+3	1,702297E-1
3,826562E+3	1,667250E-1
3,828125E+3	1,621957E-1
3,829687E+3	1,609630E-1
3,831250E+3	1,594694E-1
3,832812E+3	1,593547E-1
3,834375E+3	1,591560E-1
3,835937E+3	1,592040E-1
3,837500E+3	1,591990E-1
3,839062E+3	1,593972E-1
3,840625E+3	1,595563E-1
3,842187E+3	1,597457E-1
3,843750E+3	1,598944E-1
3,845312E+3	1,598720E-1
3,846875E+3	1,597897E-1
3,848437E+3	1,594048E-1
3,850000E+3	1,589146E-1
3,851562E+3	1,572914E-1
3,853125E+3	1,553567E-1
3,854687E+3	1,535289E-1
3,856250E+3	1,509263E-1
3,857812E+3	1,508366E-1
3,859375E+3	1,504314E-1
3,860937E+3	1,498946E-1
3,862500E+3	1,491618E-1
3,864062E+3	1,482699E-1
3,865625E+3	1,471969E-1
3,867187E+3	1,460240E-1
3,868750E+3	1,446951E-1
3,870312E+3	1,437673E-1
3,871875E+3	1,427362E-1
3,873437E+3	1,423127E-1
3,875000E+3	1,418178E-1
3,876562E+3	1,421430E-1
3,878125E+3	1,424079E-1
3,879687E+3	1,431787E-1
3,881250E+3	1,438343E-1
3,882812E+3	1,431497E-1
3,884375E+3	1,421733E-1
3,885937E+3	1,406438E-1
3,887500E+3	1,389317E-1
3,889062E+3	1,379547E-1
3,890625E+3	1,368458E-1
3,892187E+3	1,364417E-1
3,893750E+3	1,359393E-1
3,895312E+3	1,358091E-1
3,896875E+3	1,356079E-1
3,898437E+3	1,357196E-1
3,900000E+3	1,357910E-1
3,901562E+3	1,359063E-1
3,903125E+3	1,359860E-1
3,904687E+3	1,357969E-1
3,906250E+3	1,355548E-1
3,907812E+3	1,347774E-1
3,909375E+3	1,339050E-1
3,910937E+3	1,327805E-1
3,912500E+3	1,315074E-1
3,914062E+3	1,314480E-1
3,915625E+3	1,312914E-1
3,917187E+3	1,309086E-1
3,918750E+3	1,304393E-1
3,920312E+3	1,295703E-1
3,921875E+3	1,285974E-1
3,923437E+3	1,281420E-1
3,925000E+3	1,275924E-1
3,926562E+3	1,276807E-1
3,928125E+3	1,276718E-1
3,929687E+3	1,285060E-1
3,931250E+3	1,292381E-1
3,932812E+3	1,301900E-1
3,934375E+3	1,311321E-1
3,935937E+3	1,317720E-1
3,937500E+3	1,324049E-1
3,939062E+3	1,328151E-1
3,940625E+3	1,332179E-1
3,942187E+3	1,335140E-1
3,943750E+3	1,338023E-1
3,945312E+3	1,310961E-1
3,946875E+3	1,276002E-1
3,948437E+3	1,280335E-1
3,950000E+3	1,284636E-1
3,951562E+3	1,287394E-1
3,953125E+3	1,290115E-1
3,954687E+3	1,294540E-1
3,956250E+3	1,298947E-1
3,957812E+3	1,303328E-1
3,959375E+3	1,307695E-1
3,960937E+3	1,311052E-1
3,962500E+3	1,314394E-1
3,964062E+3	1,278278E-1
3,965625E+3	1,235619E-1
3,967187E+3	1,219614E-1
3,968750E+3	1,198284E-1
3,970312E+3	1,199549E-1
3,971875E+3	1,200725E-1
3,973437E+3	1,200964E-1
3,975000E+3	1,201100E-1
3,976562E+3	1,202312E-1
3,978125E+3	1,203421E-1
3,979687E+3	1,206974E-1
3,981250E+3	1,210404E-1
3,982812E+3	1,214326E-1
3,984375E+3	1,218043E-1
3,985937E+3	1,225636E-1
3,987500E+3	1,232945E-1
3,989062E+3	1,234975E-1
3,990625E+3	1,236499E-1
3,992187E+3	1,229168E-1
3,993750E+3	1,221004E-1
3,995312E+3	1,213370E-1
3,996875E+3	1,205151E-1
3,998437E+3	1,205561E-1
4,000000E+3	1,205583E-1
4,001562E+3	1,209758E-1
4,003125E+3	1,213591E-1
4,004687E+3	1,216161E-1
4,006250E+3	1,218421E-1
4,007812E+3	1,217478E-1
4,009375E+3	1,216278E-1
4,010937E+3	1,217653E-1
4,012500E+3	1,218794E-1
4,014062E+3	1,222358E-1
4,015625E+3	1,225668E-1
4,017187E+3	1,230875E-1
4,018750E+3	1,235759E-1
4,020312E+3	1,241986E-1
4,021875E+3	1,247672E-1
4,023437E+3	1,251153E-1
4,025000E+3	1,254006E-1
4,026562E+3	1,256910E-1
4,028125E+3	1,259481E-1
4,029687E+3	1,262257E-1
4,031250E+3	1,264766E-1
4,032812E+3	1,270864E-1
4,034375E+3	1,276664E-1
4,035937E+3	1,282979E-1
4,037500E+3	1,288726E-1
4,039062E+3	1,291006E-1
4,040625E+3	1,292184E-1
4,042187E+3	1,300402E-1
4,043750E+3	1,308102E-1
4,045312E+3	1,314584E-1
4,046875E+3	1,320727E-1
4,048437E+3	1,326300E-1
4,050000E+3	1,331551E-1
4,051562E+3	1,335320E-1
4,053125E+3	1,338685E-1
4,054687E+3	1,341508E-1
4,056250E+3	1,343722E-1
4,057812E+3	1,346240E-1
4,059375E+3	1,348189E-1
4,060937E+3	1,352778E-1
4,062500E+3	1,356887E-1
4,064062E+3	1,368385E-1
4,065625E+3	1,379295E-1
4,067187E+3	1,392301E-1
4,068750E+3	1,404617E-1
4,070312E+3	1,414843E-1
4,071875E+3	1,424227E-1
4,073437E+3	1,428466E-1
4,075000E+3	1,432179E-1
4,076562E+3	1,432125E-1
4,078125E+3	1,431835E-1
4,079687E+3	1,432687E-1
4,081250E+3	1,433343E-1
4,082812E+3	1,435505E-1
4,084375E+3	1,437469E-1
4,085937E+3	1,439441E-1
4,087500E+3	1,441209E-1
4,089062E+3	1,491480E-1
4,090625E+3	1,526454E-1
4,092187E+3	1,527638E-1
4,093750E+3	1,528712E-1
4,095312E+3	1,528594E-1
4,096875E+3	1,528364E-1
4,098437E+3	1,527585E-1
4,100000E+3	1,526696E-1
4,101562E+3	1,522632E-1
4,103125E+3	1,518487E-1
4,104687E+3	1,515442E-1
4,106250E+3	1,512326E-1
4,107812E+3	1,507337E-1
4,109375E+3	1,502303E-1
4,110937E+3	1,618782E-1
4,112500E+3	1,703249E-1
4,114062E+3	1,710651E-1
4,115625E+3	1,717450E-1
4,117187E+3	1,723165E-1
4,118750E+3	1,728377E-1
4,120312E+3	1,734612E-1
4,121875E+3	1,740120E-1
4,123437E+3	1,755675E-1
4,125000E+3	1,767020E-1
4,126562E+3	1,769796E-1
4,128125E+3	1,772303E-1
4,129687E+3	1,775043E-1
4,131250E+3	1,777526E-1
4,132812E+3	1,780267E-1
4,134375E+3	1,782738E-1
4,135937E+3	1,783990E-1
4,137500E+3	1,784979E-1
4,139062E+3	1,783776E-1
4,140625E+3	1,782354E-1
4,142187E+3	1,777594E-1
4,143750E+3	1,772685E-1
4,145312E+3	1,766337E-1
4,146875E+3	1,759887E-1
4,148437E+3	1,751010E-1
4,150000E+3	1,742085E-1
4,151562E+3	1,730938E-1
4,153125E+3	1,719787E-1
4,154687E+3	2,124510E-1
4,156250E+3	2,273998E-1
4,157812E+3	2,280298E-1
4,159375E+3	2,285887E-1
4,160937E+3	2,298970E-1
4,162500E+3	2,310976E-1
4,164062E+3	2,266972E-1
4,165625E+3	2,216346E-1
4,167187E+3	2,227676E-1
4,168750E+3	2,238631E-1
4,170312E+3	2,252720E-1
4,171875E+3	2,266348E-1
4,173437E+3	2,011510E-1
4,175000E+3	1,774744E-1
4,176562E+3	1,959118E-1
4,178125E+3	2,104085E-1
4,179687E+3	2,093636E-1
4,181250E+3	2,082949E-1
4,182812E+3	2,065668E-1
4,184375E+3	2,048277E-1
4,185937E+3	2,035805E-1
4,187500E+3	2,022993E-1
4,189062E+3	2,014467E-1
4,190625E+3	2,005340E-1
4,192187E+3	2,001817E-1
4,193750E+3	1,997344E-1
4,195312E+3	1,996763E-1
4,196875E+3	1,994788E-1
4,198437E+3	1,997063E-1
4,200000E+3	1,997178E-1
4,201562E+3	2,005683E-1
4,203125E+3	2,011091E-1
4,204687E+3	2,022013E-1
4,206250E+3	2,029362E-1
4,207812E+3	2,040386E-1
4,209375E+3	2,047807E-1
4,210937E+3	2,057265E-1
4,212500E+3	2,062830E-1
4,214062E+3	2,071655E-1
4,215625E+3	2,075855E-1
4,217187E+3	2,087119E-1
4,218750E+3	2,092664E-1
4,220312E+3	2,105415E-1
4,221875E+3	2,110585E-1
4,223437E+3	2,125325E-1
4,225000E+3	2,131172E-1
4,226562E+3	2,145228E-1
4,228125E+3	2,149905E-1
4,229687E+3	2,163815E-1
4,231250E+3	2,168367E-1
4,232812E+3	2,183614E-1
4,234375E+3	2,188675E-1
4,235937E+3	2,206395E-1
4,237500E+3	2,210917E-1
4,239062E+3	2,237312E-1
4,240625E+3	2,238853E-1
4,242187E+3	2,290794E-1
4,243750E+3	2,273798E-1
4,245312E+3	2,289926E-1
4,246875E+3	2,282359E-1
4,248437E+3	2,291349E-1
4,250000E+3	2,283702E-1
4,251562E+3	2,296200E-1
4,253125E+3	2,293164E-1
4,254687E+3	2,310767E-1
4,256250E+3	2,313058E-1
4,257812E+3	2,326529E-1
4,259375E+3	2,323653E-1
4,260937E+3	2,344024E-1
4,262500E+3	2,348325E-1
4,264062E+3	4,770757E-1
4,265625E+3	2,862349E-1
4,267187E+3	2,861989E-1
4,268750E+3	2,860111E-1
4,270312E+3	2,860045E-1
4,271875E+3	2,858681E-1
4,273437E+3	2,857998E-1
4,275000E+3	2,855899E-1
4,276562E+3	2,856637E-1
4,278125E+3	2,856068E-1
4,279687E+3	2,855196E-1
4,281250E+3	2,852978E-1
4,282812E+3	2,856007E-1
4,284375E+3	2,858254E-1
4,285937E+3	2,861506E-1
4,287500E+3	2,864225E-1
4,289062E+3	2,862183E-1
4,290625E+3	2,859532E-1
4,292187E+3	2,859961E-1
4,293750E+3	2,860095E-1
4,295312E+3	2,862816E-1
4,296875E+3	2,865430E-1
4,298437E+3	2,863041E-1
4,300000E+3	2,860508E-1
4,301562E+3	3,045430E-1
4,303125E+3	3,044880E-1
4,304687E+3	3,059443E-1
4,306250E+3	3,067031E-1
4,307812E+3	3,074018E-1
4,309375E+3	3,077617E-1
4,310937E+3	3,085294E-1
4,312500E+3	3,090363E-1
4,314062E+3	3,100216E-1
4,315625E+3	3,107629E-1
4,317187E+3	3,118750E-1
4,318750E+3	3,127403E-1
4,320312E+3	3,141633E-1
4,321875E+3	3,153568E-1
4,323437E+3	3,169758E-1
